Psyche 	154 37 332 72	794 1123	INV001.jpg
Media 	350 37 517 71	794 1123	INV001.jpg
Inc.	530 37 625 71	794 1123	INV001.jpg
ΝΟ	64 147 120 165	794 1123	INV001.jpg
. 	128 147 132 164	794 1123	INV001.jpg
0123456	157 147 324 164	794 1123	INV001.jpg
BILLED 	61 242 146 252	794 1123	INV001.jpg
TO	156 242 182 252	794 1123	INV001.jpg
MR	64 270 110 285	794 1123	INV001.jpg
. 	115 270 119 284	794 1123	INV001.jpg
JAMES 	139 270 251 284	794 1123	INV001.jpg
HOLDEN	268 270 404 284	794 1123	INV001.jpg
(	61 300 74 309	794 1123	INV001.jpg
229	68 300 100 309	794 1123	INV001.jpg
) 	98 300 107 309	794 1123	INV001.jpg
467-2095	108 300 187 309	794 1123	INV001.jpg
j.holden@mail.com	59 316 214 326	794 1123	INV001.jpg
21 	60 332 86 342	794 1123	INV001.jpg
Lexington 	86 332 164 341	794 1123	INV001.jpg
Rd	171 332 193 341	794 1123	INV001.jpg
, 	193 332 196 341	794 1123	INV001.jpg
Warsaw	202 332 267 341	794 1123	INV001.jpg
, 	265 332 269 341	794 1123	INV001.jpg
NY	277 332 301 341	794 1123	INV001.jpg
PAYMENT 	65 385 171 395	794 1123	INV001.jpg
DETAILS	182 385 277 394	794 1123	INV001.jpg
PSYCHE 	66 414 197 429	794 1123	INV001.jpg
MEDIA 	215 414 321 428	794 1123	INV001.jpg
INC	338 414 392 428	794 1123	INV001.jpg
.	399 414 403 428	794 1123	INV001.jpg
Account 	61 444 127 454	794 1123	INV001.jpg
Name	130 444 177 453	794 1123	INV001.jpg
: 	177 444 183 453	794 1123	INV001.jpg
Psyche 	190 444 246 453	794 1123	INV001.jpg
Media 	250 444 301 453	794 1123	INV001.jpg
Inc.	306 444 335 453	794 1123	INV001.jpg
Account 	60 460 130 469	794 1123	INV001.jpg
Number	130 460 195 468	794 1123	INV001.jpg
: 	193 460 198 468	794 1123	INV001.jpg
139-4944-3	206 460 295 468	794 1123	INV001.jpg
Bank	61 476 103 485	794 1123	INV001.jpg
: 	100 476 108 484	794 1123	INV001.jpg
Executive 	113 476 191 484	794 1123	INV001.jpg
Bank	197 476 236 484	794 1123	INV001.jpg
ISSUED 	65 529 146 539	794 1123	INV001.jpg
ON	157 529 186 539	794 1123	INV001.jpg
18 	62 548 90 557	794 1123	INV001.jpg
SEPTEMBER 	99 548 235 557	794 1123	INV001.jpg
2002	246 548 297 557	794 1123	INV001.jpg
DESCRIPTION	61 601 201 609	794 1123	INV001.jpg
RATE	390 601 445 609	794 1123	INV001.jpg
HOUR	515 600 574 609	794 1123	INV001.jpg
PRICE	641 601 704 609	794 1123	INV001.jpg
Website 	60 645 137 657	794 1123	INV001.jpg
design	142 645 200 657	794 1123	INV001.jpg
$	386 645 401 654	794 1123	INV001.jpg
20.00	397 645 452 654	794 1123	INV001.jpg
100	513 646 549 654	794 1123	INV001.jpg
$	641 646 653 654	794 1123	INV001.jpg
2,000.00	649 646 730 654	794 1123	INV001.jpg
Logo 	62 665 108 676	794 1123	INV001.jpg
design	110 665 173 676	794 1123	INV001.jpg
$	387 666 403 674	794 1123	INV001.jpg
10.00	396 666 450 674	794 1123	INV001.jpg
75	513 665 539 674	794 1123	INV001.jpg
$	639 665 654 673	794 1123	INV001.jpg
750.00	651 665 715 673	794 1123	INV001.jpg
Branding	60 685 147 697	794 1123	INV001.jpg
$	387 684 403 693	794 1123	INV001.jpg
40.00	394 684 452 693	794 1123	INV001.jpg
100	513 684 549 693	794 1123	INV001.jpg
$	641 685 654 694	794 1123	INV001.jpg
4,000.00	647 684 729 693	794 1123	INV001.jpg
Marketing 	60 705 152 715	794 1123	INV001.jpg
Collaterals	154 705 254 715	794 1123	INV001.jpg
$	387 705 401 712	794 1123	INV001.jpg
15.00	397 705 449 712	794 1123	INV001.jpg
75	515 706 537 712	794 1123	INV001.jpg
$	639 705 652 713	794 1123	INV001.jpg
1,125.00	644 705 731 713	794 1123	INV001.jpg
Event 	61 724 120 734	794 1123	INV001.jpg
Mock	118 724 170 734	794 1123	INV001.jpg
-	168 724 173 734	794 1123	INV001.jpg
ups	173 724 207 734	794 1123	INV001.jpg
$	387 723 403 732	794 1123	INV001.jpg
15.00	399 723 453 732	794 1123	INV001.jpg
75	513 723 537 731	794 1123	INV001.jpg
$	641 724 653 732	794 1123	INV001.jpg
1,125.00	648 724 730 732	794 1123	INV001.jpg
Thank 	56 883 190 936	794 1123	INV001.jpg
you	191 883 272 936	794 1123	INV001.jpg
!	273 883 289 936	794 1123	INV001.jpg
TOTAL 	442 772 508 781	794 1123	INV001.jpg
AMOUNT	517 772 603 781	794 1123	INV001.jpg
$	639 771 653 780	794 1123	INV001.jpg
9,000	648 771 702 780	794 1123	INV001.jpg
TAX 	498 793 540 804	794 1123	INV001.jpg
(	545 793 554 804	794 1123	INV001.jpg
10	554 793 579 804	794 1123	INV001.jpg
%	579 793 594 804	794 1123	INV001.jpg
)	595 793 603 804	794 1123	INV001.jpg
$	641 792 654 799	794 1123	INV001.jpg
900	648 792 686 799	794 1123	INV001.jpg
AMOUNT 	465 813 552 821	794 1123	INV001.jpg
DUE	562 813 602 821	794 1123	INV001.jpg
$	639 812 654 821	794 1123	INV001.jpg
9,900	648 811 704 820	794 1123	INV001.jpg

RED 	122 122 261 165	794 1123	INV013.jpg
BOXX	279 122 499 164	794 1123	INV013.jpg
DIGITAL 	123 186 235 200	794 1123	INV013.jpg
DESIGN 	246 186 352 199	794 1123	INV013.jpg
AGENCY	363 186 479 199	794 1123	INV013.jpg
INVOICE 	688 124 790 136	794 1123	INV013.jpg
NO	799 124 833 136	794 1123	INV013.jpg
. 	838 124 842 136	794 1123	INV013.jpg
01	850 124 874 136	794 1123	INV013.jpg
45 	642 144 672 156	794 1123	INV013.jpg
W. 	681 144 709 156	794 1123	INV013.jpg
LINCOLN 	721 144 823 156	794 1123	INV013.jpg
ST	836 144 863 156	794 1123	INV013.jpg
.	862 144 867 156	794 1123	INV013.jpg
MORGANTON	664 162 826 178	794 1123	INV013.jpg
, 	828 162 832 177	794 1123	INV013.jpg
NC	843 162 875 177	794 1123	INV013.jpg
MR	115 308 177 327	794 1123	INV013.jpg
. 	177 308 185 327	794 1123	INV013.jpg
FRANCO 	200 308 350 327	794 1123	INV013.jpg
SMITH	365 308 476 327	794 1123	INV013.jpg
993 	118 348 159 359	794 1123	INV013.jpg
Pawnee 	167 348 254 359	794 1123	INV013.jpg
Ave.	258 348 308 359	794 1123	INV013.jpg
New 	117 366 171 380	794 1123	INV013.jpg
Port 	177 366 226 380	794 1123	INV013.jpg
Richey	231 366 307 380	794 1123	INV013.jpg
,	307 366 312 380	794 1123	INV013.jpg
FL 	119 385 146 396	794 1123	INV013.jpg
34653	149 385 216 396	794 1123	INV013.jpg
DESCRIPTION	113 461 311 478	794 1123	INV013.jpg
QTY	438 461 510 480	794 1123	INV013.jpg
PRICE	602 463 688 477	794 1123	INV013.jpg
TOTAL	770 463 867 478	794 1123	INV013.jpg
LOGO 	125 541 183 550	794 1123	INV013.jpg
DESIGN	193 541 275 550	794 1123	INV013.jpg
01	458 542 483 551	794 1123	INV013.jpg
500.00	603 542 680 550	794 1123	INV013.jpg
500.00	794 542 872 550	794 1123	INV013.jpg
FLYER 	127 569 191 579	794 1123	INV013.jpg
DESIGN	201 569 283 578	794 1123	INV013.jpg
01	458 571 484 580	794 1123	INV013.jpg
160.99	605 570 678 580	794 1123	INV013.jpg
160.99	801 570 874 579	794 1123	INV013.jpg
WEB 	123 598 172 609	794 1123	INV013.jpg
DESIGN	182 598 263 608	794 1123	INV013.jpg
01	458 601 484 610	794 1123	INV013.jpg
150.00	604 599 678 609	794 1123	INV013.jpg
150.00	798 600 874 609	794 1123	INV013.jpg
TOTAL	584 699 673 709	794 1123	INV013.jpg
:	671 699 682 709	794 1123	INV013.jpg
810.99	780 698 874 709	794 1123	INV013.jpg
JEROME 	120 832 224 844	794 1123	INV013.jpg
MATTHEWS	235 832 376 844	794 1123	INV013.jpg
1011 	119 849 167 861	794 1123	INV013.jpg
9341 	177 849 230 861	794 1123	INV013.jpg
9831	244 849 295 861	794 1123	INV013.jpg
WWW.REDBOXX.COM	118 865 387 878	794 1123	INV013.jpg

D'CANOPY	248 94 749 170	794 1123	INV022.jpg
CLOTHING 	351 205 488 220	794 1123	INV022.jpg
COMPANY	505 205 638 219	794 1123	INV022.jpg
ISSUED 	124 300 200 310	794 1123	INV022.jpg
TO	211 300 238 309	794 1123	INV022.jpg
INVOICE 	406 300 499 310	794 1123	INV022.jpg
NO	510 300 539 309	794 1123	INV022.jpg
.	544 300 547 309	794 1123	INV022.jpg
Norma 	117 327 178 341	794 1123	INV022.jpg
R. 	183 327 201 341	794 1123	INV022.jpg
Dunlap	206 327 268 341	794 1123	INV022.jpg
2019-2201	403 327 494 337	794 1123	INV022.jpg
DATE 	682 300 736 310	794 1123	INV022.jpg
ISSUED	748 300 823 309	794 1123	INV022.jpg
02/07/2018	677 326 790 339	794 1123	INV022.jpg
DESCRIPTION	118 424 236 432	794 1123	INV022.jpg
QTY	510 422 550 431	794 1123	INV022.jpg
PRICE	641 423 693 431	794 1123	INV022.jpg
TOTAL	807 423 867 431	794 1123	INV022.jpg
Off	115 465 171 475	794 1123	INV022.jpg
the	142 465 188 475	794 1123	INV022.jpg
-	146 465 153 475	794 1123	INV022.jpg
-	177 465 185 475	794 1123	INV022.jpg
shoulder 	182 465 250 475	794 1123	INV022.jpg
blouse	255 465 307 475	794 1123	INV022.jpg
1	527 469 536 475	794 1123	INV022.jpg
$	648 468 666 476	794 1123	INV022.jpg
120	657 468 688 476	794 1123	INV022.jpg
$	827 465 846 476	794 1123	INV022.jpg
120	833 464 869 475	794 1123	INV022.jpg
Long 	115 514 157 528	794 1123	INV022.jpg
sleeve 	158 514 211 527	794 1123	INV022.jpg
bloue	214 514 256 527	794 1123	INV022.jpg
1	527 517 536 524	794 1123	INV022.jpg
$	649 515 666 524	794 1123	INV022.jpg
160	658 515 690 524	794 1123	INV022.jpg
$	827 514 843 524	794 1123	INV022.jpg
160	837 514 869 524	794 1123	INV022.jpg
Ruffle 	115 564 172 574	794 1123	INV022.jpg
blouse	168 564 221 574	794 1123	INV022.jpg
1	528 566 535 573	794 1123	INV022.jpg
$	646 564 662 573	794 1123	INV022.jpg
200	656 564 692 573	794 1123	INV022.jpg
$	824 565 840 573	794 1123	INV022.jpg
200	835 565 869 573	794 1123	INV022.jpg
Fine	115 611 164 624	794 1123	INV022.jpg
-	149 611 158 623	794 1123	INV022.jpg
knit 	156 611 191 623	794 1123	INV022.jpg
cardigan	191 611 263 623	794 1123	INV022.jpg
1	528 614 537 620	794 1123	INV022.jpg
$	654 613 667 621	794 1123	INV022.jpg
90	663 613 686 621	794 1123	INV022.jpg
$	836 612 850 621	794 1123	INV022.jpg
90	847 612 870 621	794 1123	INV022.jpg
ACCOUNT 	120 820 229 829	794 1123	INV022.jpg
NAME	240 820 299 829	794 1123	INV022.jpg
Mark 	118 846 164 857	794 1123	INV022.jpg
Darwin	168 846 229 856	794 1123	INV022.jpg
ACCOUNT 	122 880 230 890	794 1123	INV022.jpg
NAME	240 880 299 889	794 1123	INV022.jpg
5319 	122 908 159 918	794 1123	INV022.jpg
9046 	166 908 209 917	794 1123	INV022.jpg
6550 	216 908 258 917	794 1123	INV022.jpg
1670	265 908 302 917	794 1123	INV022.jpg
TOTAL 	589 682 642 691	794 1123	INV022.jpg
AMOUNT	648 682 722 691	794 1123	INV022.jpg
$	826 682 843 691	794 1123	INV022.jpg
570	838 682 875 691	794 1123	INV022.jpg
TAX	688 715 724 724	794 1123	INV022.jpg
6	848 715 863 724	794 1123	INV022.jpg
%	856 714 874 723	794 1123	INV022.jpg
AMOUNT 	600 743 682 752	794 1123	INV022.jpg
DUE	688 743 724 752	794 1123	INV022.jpg
$	823 742 841 753	794 1123	INV022.jpg
604	833 742 876 753	794 1123	INV022.jpg

INVOICE 	105 261 239 276	794 1123	INV045.jpg
# 	253 261 269 276	794 1123	INV045.jpg
005	280 261 332 276	794 1123	INV045.jpg
Issued 	103 290 164 306	794 1123	INV045.jpg
on 	170 290 192 305	794 1123	INV045.jpg
January 	200 290 274 305	794 1123	INV045.jpg
10	282 290 301 305	794 1123	INV045.jpg
, 	301 290 307 305	794 1123	INV045.jpg
2025	312 290 363 305	794 1123	INV045.jpg
DESCRIPTION	100 487 234 496	794 1123	INV045.jpg
QTY	467 486 512 495	794 1123	INV045.jpg
PRICE	619 486 678 495	794 1123	INV045.jpg
TOTAL	769 487 838 495	794 1123	INV045.jpg
Hooded 	100 526 176 541	794 1123	INV045.jpg
Running 	182 526 256 540	794 1123	INV045.jpg
Jacket	264 526 326 540	794 1123	INV045.jpg
1	471 529 479 538	794 1123	INV045.jpg
$	618 528 637 539	794 1123	INV045.jpg
230	630 528 673 539	794 1123	INV045.jpg
$	769 528 787 538	794 1123	INV045.jpg
230	783 528 823 538	794 1123	INV045.jpg
Leather 	100 552 176 563	794 1123	INV045.jpg
Coat	180 552 229 563	794 1123	INV045.jpg
1	469 556 478 564	794 1123	INV045.jpg
$	619 554 636 564	794 1123	INV045.jpg
250	630 553 672 563	794 1123	INV045.jpg
$	770 553 787 564	794 1123	INV045.jpg
250	782 552 823 563	794 1123	INV045.jpg
Raw 	100 577 143 592	794 1123	INV045.jpg
Edge 	146 577 197 591	794 1123	INV045.jpg
T	202 577 217 591	794 1123	INV045.jpg
-	214 577 221 591	794 1123	INV045.jpg
Shirt	222 577 272 591	794 1123	INV045.jpg
1	469 581 479 591	794 1123	INV045.jpg
$	619 580 636 590	794 1123	INV045.jpg
80	630 580 659 590	794 1123	INV045.jpg
$	769 578 789 590	794 1123	INV045.jpg
80	778 577 809 589	794 1123	INV045.jpg
Skinny 	102 604 164 618	794 1123	INV045.jpg
Low 	170 604 206 617	794 1123	INV045.jpg
Jeans	212 604 264 617	794 1123	INV045.jpg
3	469 607 483 617	794 1123	INV045.jpg
$	618 606 634 617	794 1123	INV045.jpg
150	629 605 664 616	794 1123	INV045.jpg
$	769 605 787 616	794 1123	INV045.jpg
450	778 604 823 615	794 1123	INV045.jpg
MONOLITH 	520 348 696 363	794 1123	INV045.jpg
FASHION	707 348 850 362	794 1123	INV045.jpg
Account 	516 377 600 388	794 1123	INV045.jpg
Name	604 377 656 387	794 1123	INV045.jpg
: 	657 377 662 387	794 1123	INV045.jpg
Monolith 	671 377 754 387	794 1123	INV045.jpg
Fashion 	761 377 833 387	794 1123	INV045.jpg
Inc.	841 377 874 387	794 1123	INV045.jpg
Account 	516 394 598 406	794 1123	INV045.jpg
No	605 394 628 405	794 1123	INV045.jpg
.: 	629 394 642 405	794 1123	INV045.jpg
250 	649 394 687 405	794 1123	INV045.jpg
9717 	695 394 734 405	794 1123	INV045.jpg
1224 	740 394 788 405	794 1123	INV045.jpg
2302	795 394 843 405	794 1123	INV045.jpg
MONOLITH 	98 845 273 859	794 1123	INV045.jpg
FASHION	285 845 426 858	794 1123	INV045.jpg
(	94 873 105 886	794 1123	INV045.jpg
925	103 873 142 886	794 1123	INV045.jpg
) 	139 873 148 886	794 1123	INV045.jpg
447-5308	156 873 250 886	794 1123	INV045.jpg
www.monolithfashion.com	94 890 347 902	794 1123	INV045.jpg
4075 	94 909 147 921	794 1123	INV045.jpg
Fordham 	154 909 234 921	794 1123	INV045.jpg
Ct	241 909 265 921	794 1123	INV045.jpg
, 	267 909 272 921	794 1123	INV045.jpg
Livermore	279 909 369 921	794 1123	INV045.jpg
, 	372 909 376 921	794 1123	INV045.jpg
CA	382 909 411 921	794 1123	INV045.jpg
TOTAL 	465 657 534 666	794 1123	INV045.jpg
AMOUNT	540 657 629 666	794 1123	INV045.jpg
:	630 657 638 666	794 1123	INV045.jpg
$	769 654 785 666	794 1123	INV045.jpg
1,010	783 654 831 666	794 1123	INV045.jpg
TAX	467 683 510 691	794 1123	INV045.jpg
:	503 683 517 691	794 1123	INV045.jpg
$	770 680 785 691	794 1123	INV045.jpg
30	785 680 809 691	794 1123	INV045.jpg
AMOUNT 	465 707 557 718	794 1123	INV045.jpg
DUE	564 707 602 717	794 1123	INV045.jpg
:	603 707 608 717	794 1123	INV045.jpg
$	769 706 787 718	794 1123	INV045.jpg
1,040	780 706 838 718	794 1123	INV045.jpg

INVOICE	36 138 182 155	794 1123	INV056.jpg
1000-001	31 168 120 178	794 1123	INV056.jpg
DUFFY	225 11 492 56	794 1123	INV056.jpg
MEN 	234 86 299 102	794 1123	INV056.jpg
CLOTHING	313 86 477 101	794 1123	INV056.jpg
NO	54 229 86 240	794 1123	INV056.jpg
.	84 229 91 240	794 1123	INV056.jpg
ITEM 	171 229 211 240	794 1123	INV056.jpg
DESCRIPTON	219 229 332 240	794 1123	INV056.jpg
QTY	496 230 539 240	794 1123	INV056.jpg
PRICE	600 230 657 240	794 1123	INV056.jpg
01	54 319 78 330	794 1123	INV056.jpg
Wide 	166 320 221 330	794 1123	INV056.jpg
Cut 	217 320 249 330	794 1123	INV056.jpg
Sweatshirt	251 320 341 330	794 1123	INV056.jpg
01	520 319 541 329	794 1123	INV056.jpg
$	590 321 604 330	794 1123	INV056.jpg
100.00	599 320 654 329	794 1123	INV056.jpg
02	54 352 80 361	794 1123	INV056.jpg
Hooded 	164 350 236 365	794 1123	INV056.jpg
Running 	235 350 304 364	794 1123	INV056.jpg
Jacket	309 350 363 364	794 1123	INV056.jpg
02	515 353 541 361	794 1123	INV056.jpg
$	590 353 604 362	794 1123	INV056.jpg
120.00	599 353 654 362	794 1123	INV056.jpg
ISSUED 	59 646 133 658	794 1123	INV056.jpg
TO	139 646 168 658	794 1123	INV056.jpg
:	170 646 177 658	794 1123	INV056.jpg
MARK 	55 667 125 680	794 1123	INV056.jpg
SISON	130 667 198 679	794 1123	INV056.jpg
(	54 704 66 716	794 1123	INV056.jpg
813	57 704 89 716	794 1123	INV056.jpg
) 	83 704 91 716	794 1123	INV056.jpg
956-3510	98 704 175 716	794 1123	INV056.jpg
602 	55 723 94 731	794 1123	INV056.jpg
COLLINS 	94 723 171 731	794 1123	INV056.jpg
STREET	176 723 239 731	794 1123	INV056.jpg
TAMPA	56 740 120 751	794 1123	INV056.jpg
, 	119 740 124 750	794 1123	INV056.jpg
FL 	130 740 149 750	794 1123	INV056.jpg
33619	154 740 200 750	794 1123	INV056.jpg
SUB 	454 486 491 495	794 1123	INV056.jpg
TOTAL	492 486 552 495	794 1123	INV056.jpg
$	613 486 627 494	794 1123	INV056.jpg
220	622 486 656 494	794 1123	INV056.jpg
TAX	513 519 550 528	794 1123	INV056.jpg
0.6	613 519 643 528	794 1123	INV056.jpg
%	638 519 656 528	794 1123	INV056.jpg
TOTAL	489 551 551 560	794 1123	INV056.jpg
$	604 551 623 561	794 1123	INV056.jpg
246	613 551 657 561	794 1123	INV056.jpg
D	832 60 882 89	794 1123	INV056.jpg
(	785 916 801 927	794 1123	INV056.jpg
972	793 916 836 927	794 1123	INV056.jpg
) 	826 916 836 927	794 1123	INV056.jpg
815-9250	840 916 926 927	794 1123	INV056.jpg
054 	774 934 817 944	794 1123	INV056.jpg
ASH 	819 934 861 944	794 1123	INV056.jpg
STREET	869 934 938 944	794 1123	INV056.jpg
DALLAS	768 951 845 964	794 1123	INV056.jpg
, 	845 951 850 963	794 1123	INV056.jpg
TX 	857 951 884 963	794 1123	INV056.jpg
75207	889 951 944 963	794 1123	INV056.jpg

Chill 	18 28 550 211	794 1123	INV076.jpg
Wave	453 23 986 205	794 1123	INV076.jpg
CHILL 	113 265 201 280	794 1123	INV076.jpg
WAVE 	204 265 298 279	794 1123	INV076.jpg
SURF 	308 265 385 279	794 1123	INV076.jpg
SHOP	392 265 474 279	794 1123	INV076.jpg
DATE 	114 299 159 309	794 1123	INV076.jpg
ISSUED	163 299 225 308	794 1123	INV076.jpg
: 	225 299 229 308	794 1123	INV076.jpg
DECEMBER 	236 299 329 308	794 1123	INV076.jpg
2	335 299 346 308	794 1123	INV076.jpg
, 	346 299 350 308	794 1123	INV076.jpg
2019	356 299 394 308	794 1123	INV076.jpg
INVOICE 	115 320 187 331	794 1123	INV076.jpg
NUMBER	192 320 261 330	794 1123	INV076.jpg
: 	261 320 264 330	794 1123	INV076.jpg
12345	273 320 322 330	794 1123	INV076.jpg
DESCRIPTION	112 406 244 416	794 1123	INV076.jpg
RATE	447 406 498 417	794 1123	INV076.jpg
HOURS	618 406 690 416	794 1123	INV076.jpg
SUBTOTAL	775 407 875 416	794 1123	INV076.jpg
Textile 	109 455 176 468	794 1123	INV076.jpg
Design	172 455 236 468	794 1123	INV076.jpg
2200 	445 455 496 464	794 1123	INV076.jpg
USD	498 455 535 463	794 1123	INV076.jpg
1	620 456 627 464	794 1123	INV076.jpg
2200 	773 455 821 464	794 1123	INV076.jpg
USD	823 455 863 464	794 1123	INV076.jpg
Pattern 	109 482 186 494	794 1123	INV076.jpg
Design	178 482 241 494	794 1123	INV076.jpg
795 	444 481 481 491	794 1123	INV076.jpg
USD	484 481 522 491	794 1123	INV076.jpg
1	618 481 628 491	794 1123	INV076.jpg
795 	773 482 808 490	794 1123	INV076.jpg
USD	812 482 851 490	794 1123	INV076.jpg
BANK 	115 629 172 639	794 1123	INV076.jpg
INFO	178 629 221 639	794 1123	INV076.jpg
DUE 	448 629 491 640	794 1123	INV076.jpg
BY	497 629 523 640	794 1123	INV076.jpg
TOTAL 	707 629 772 640	794 1123	INV076.jpg
DUE	775 629 817 640	794 1123	INV076.jpg
Account 	113 676 181 687	794 1123	INV076.jpg
no	185 676 204 686	794 1123	INV076.jpg
: 	204 676 209 686	794 1123	INV076.jpg
139-4944-3	214 676 304 686	794 1123	INV076.jpg
United 	112 697 167 707	794 1123	INV076.jpg
Bank	170 697 209 707	794 1123	INV076.jpg
18 	442 677 468 688	794 1123	INV076.jpg
May 	467 677 507 688	794 1123	INV076.jpg
2019	510 677 554 688	794 1123	INV076.jpg
2995 	706 678 755 688	794 1123	INV076.jpg
USD	758 678 797 688	794 1123	INV076.jpg
117 	112 808 136 817	794 1123	INV076.jpg
KNICKERBOCKER 	142 808 277 817	794 1123	INV076.jpg
AVENUE	283 808 350 817	794 1123	INV076.jpg
WESTCHETER	109 828 222 837	794 1123	INV076.jpg
, 	224 828 227 837	794 1123	INV076.jpg
NY 	235 828 254 837	794 1123	INV076.jpg
11107	261 828 299 837	794 1123	INV076.jpg
ROGUETEXTILEINC.COM	113 846 313 857	794 1123	INV076.jpg
cw	738 796 891 844	794 1123	INV076.jpg

NATHANIEL	219 18 697 52	794 1123	INV089.jpg
MCKENZIE	215 76 647 110	794 1123	INV089.jpg
1681 	212 122 259 132	794 1123	INV089.jpg
CHRISTIE 	269 122 374 131	794 1123	INV089.jpg
WAY	384 122 434 131	794 1123	INV089.jpg
LOWELL	214 137 301 148	794 1123	INV089.jpg
, 	303 137 307 147	794 1123	INV089.jpg
MASSACHUSETS	318 137 494 147	794 1123	INV089.jpg
Client 	250 221 348 237	794 1123	INV089.jpg
Information	360 221 541 237	794 1123	INV089.jpg
:	544 221 552 237	794 1123	INV089.jpg
Samantha 	254 263 377 277	794 1123	INV089.jpg
Griffin	390 263 476 276	794 1123	INV089.jpg
Invoice 	722 136 787 147	794 1123	INV089.jpg
No. 	792 136 821 146	794 1123	INV089.jpg
MN	828 136 857 146	794 1123	INV089.jpg
-	858 136 863 146	794 1123	INV089.jpg
098	866 136 897 146	794 1123	INV089.jpg
18-01-2001	793 152 899 160	794 1123	INV089.jpg
ITEM 	267 381 324 393	794 1123	INV089.jpg
DESCRIPTION	337 381 507 393	794 1123	INV089.jpg
QTY	607 382 661 394	794 1123	INV089.jpg
PRICE	842 382 918 393	794 1123	INV089.jpg
Liverworts	263 434 358 443	794 1123	INV089.jpg
01	603 435 625 443	794 1123	INV089.jpg
$	853 435 869 445	794 1123	INV089.jpg
45.00	861 434 918 444	794 1123	INV089.jpg
Mosses	261 455 328 463	794 1123	INV089.jpg
03	604 455 628 463	794 1123	INV089.jpg
$	853 456 869 465	794 1123	INV089.jpg
30.00	863 455 916 464	794 1123	INV089.jpg
Ferns 	264 474 312 484	794 1123	INV089.jpg
and 	317 474 348 483	794 1123	INV089.jpg
horsetail	355 474 434 483	794 1123	INV089.jpg
01	603 476 627 483	794 1123	INV089.jpg
$	853 477 869 487	794 1123	INV089.jpg
12.00	862 476 918 486	794 1123	INV089.jpg
PAYMENT 	256 649 377 662	794 1123	INV089.jpg
METHOD	386 649 491 662	794 1123	INV089.jpg
SUBTOTAL	615 649 748 661	794 1123	INV089.jpg
$	836 652 850 662	794 1123	INV089.jpg
87.99	850 651 916 661	794 1123	INV089.jpg
SHIPPING	617 670 738 682	794 1123	INV089.jpg
$	836 671 851 682	794 1123	INV089.jpg
20.00	851 671 918 682	794 1123	INV089.jpg
TOTAL	615 691 696 702	794 1123	INV089.jpg
$	836 691 851 701	794 1123	INV089.jpg
97.99	852 691 919 701	794 1123	INV089.jpg
Cash 	251 675 297 686	794 1123	INV089.jpg
on 	302 675 324 686	794 1123	INV089.jpg
delivery	328 675 401 686	794 1123	INV089.jpg
THANK	725 844 934 870	794 1123	INV089.jpg
YOU	775 882 909 912	794 1123	INV089.jpg
!	909 882 929 912	794 1123	INV089.jpg

INVOICE 	89 201 181 211	794 1123	INV099.jpg
#	185 201 201 211	794 1123	INV099.jpg
76-29782	84 221 204 233	794 1123	INV099.jpg
ITEM 	86 330 139 341	794 1123	INV099.jpg
DESCRIPTION	147 330 290 341	794 1123	INV099.jpg
OTY	483 329 535 341	794 1123	INV099.jpg
PRICE	652 330 716 341	794 1123	INV099.jpg
TOTAL	821 331 895 341	794 1123	INV099.jpg
5	81 406 108 424	794 1123	INV099.jpg
-	98 406 112 424	794 1123	INV099.jpg
day 	105 406 152 424	794 1123	INV099.jpg
vegan 	152 406 222 424	794 1123	INV099.jpg
lunch 	222 406 279 424	794 1123	INV099.jpg
sets	287 406 326 424	794 1123	INV099.jpg
01	494 407 522 419	794 1123	INV099.jpg
$ 	641 407 661 421	794 1123	INV099.jpg
30.00	664 407 725 421	794 1123	INV099.jpg
$ 	816 407 835 420	794 1123	INV099.jpg
30.00	840 407 899 420	794 1123	INV099.jpg
Sinful 	83 537 144 554	794 1123	INV099.jpg
Brownies 	149 537 244 554	794 1123	INV099.jpg
(	246 537 255 554	794 1123	INV099.jpg
1 	258 537 264 554	794 1123	INV099.jpg
dozen	270 537 335 554	794 1123	INV099.jpg
)	333 537 342 554	794 1123	INV099.jpg
01	496 539 522 550	794 1123	INV099.jpg
$ 	642 538 662 551	794 1123	INV099.jpg
12.00	666 538 722 551	794 1123	INV099.jpg
$ 	819 538 836 550	794 1123	INV099.jpg
12.00	841 538 897 550	794 1123	INV099.jpg
Sub 	85 694 128 707	794 1123	INV099.jpg
Total	132 694 191 706	794 1123	INV099.jpg
$ 	814 694 833 706	794 1123	INV099.jpg
42.00	835 694 904 706	794 1123	INV099.jpg
Delivery 	81 716 178 731	794 1123	INV099.jpg
Fee	182 716 225 731	794 1123	INV099.jpg
$ 	817 715 838 728	794 1123	INV099.jpg
10.00	840 715 897 728	794 1123	INV099.jpg
Grand 	84 736 157 749	794 1123	INV099.jpg
Total	159 736 217 748	794 1123	INV099.jpg
$ 	814 737 833 749	794 1123	INV099.jpg
52.00	838 737 901 749	794 1123	INV099.jpg
STACEY'S	458 59 923 112	794 1123	INV099.jpg
MEAL 	618 136 688 150	794 1123	INV099.jpg
DELIVERY 	697 136 813 150	794 1123	INV099.jpg
SERVICE	821 136 925 150	794 1123	INV099.jpg
216 	653 199 691 214	794 1123	INV099.jpg
Old 	693 199 732 214	794 1123	INV099.jpg
Crow 	739 199 795 214	794 1123	INV099.jpg
Rd	803 199 827 214	794 1123	INV099.jpg
, 	829 199 833 214	794 1123	INV099.jpg
Beaver	841 199 911 214	794 1123	INV099.jpg
,	914 199 918 214	794 1123	INV099.jpg
WV	814 221 852 234	794 1123	INV099.jpg
, 	851 221 858 234	794 1123	INV099.jpg
25813	863 221 924 234	794 1123	INV099.jpg
PAYABLE 	89 880 185 891	794 1123	INV099.jpg
TO	192 880 221 890	794 1123	INV099.jpg
Josephine 	86 899 188 916	794 1123	INV099.jpg
Williams	192 899 279 915	794 1123	INV099.jpg
151 	85 921 117 935	794 1123	INV099.jpg
Double 	122 921 196 935	794 1123	INV099.jpg
Branch 	202 921 274 935	794 1123	INV099.jpg
Rd	282 921 306 935	794 1123	INV099.jpg
,	308 921 312 935	794 1123	INV099.jpg
Seneca	89 943 166 958	794 1123	INV099.jpg
, 	164 943 171 957	794 1123	INV099.jpg
SC	178 943 207 957	794 1123	INV099.jpg
, 	210 943 215 957	794 1123	INV099.jpg
29678	222 943 284 957	794 1123	INV099.jpg
BANK 	370 879 430 891	794 1123	INV099.jpg
DETAILS	435 879 525 890	794 1123	INV099.jpg
Josephine 	365 899 472 917	794 1123	INV099.jpg
Williams	473 899 560 916	794 1123	INV099.jpg
Acct 	367 921 418 934	794 1123	INV099.jpg
No	423 921 452 933	794 1123	INV099.jpg
:	447 921 457 933	794 1123	INV099.jpg
778 	367 943 409 956	794 1123	INV099.jpg
202 	414 943 455 956	794 1123	INV099.jpg
1111	463 943 491 956	794 1123	INV099.jpg
DELIVERY 	662 879 769 891	794 1123	INV099.jpg
ADDRESS	775 879 875 890	794 1123	INV099.jpg
Josephine 	661 899 767 916	794 1123	INV099.jpg
Williams	769 899 860 915	794 1123	INV099.jpg
151 	663 921 692 935	794 1123	INV099.jpg
Double 	700 921 774 935	794 1123	INV099.jpg
Branch 	778 921 851 935	794 1123	INV099.jpg
Rd	857 921 884 935	794 1123	INV099.jpg
,	886 921 891 935	794 1123	INV099.jpg
Seneca	664 943 744 958	794 1123	INV099.jpg
, 	744 943 751 958	794 1123	INV099.jpg
SC	756 943 788 958	794 1123	INV099.jpg
, 	789 943 794 958	794 1123	INV099.jpg
29678	802 943 862 958	794 1123	INV099.jpg

COOKIES	314 67 680 109	794 1123	INV111.jpg
BY 	415 133 454 147	794 1123	INV111.jpg
CHARLIE	459 133 579 146	794 1123	INV111.jpg
260 	328 162 365 177	794 1123	INV111.jpg
Quad 	365 162 414 176	794 1123	INV111.jpg
Oak 	416 162 453 176	794 1123	INV111.jpg
Dr	457 162 476 176	794 1123	INV111.jpg
, 	476 162 479 176	794 1123	INV111.jpg
Mount 	486 162 536 176	794 1123	INV111.jpg
Juliet	539 162 578 176	794 1123	INV111.jpg
, 	578 162 581 176	794 1123	INV111.jpg
TN	584 162 610 176	794 1123	INV111.jpg
, 	612 162 615 176	794 1123	INV111.jpg
37122	620 162 663 176	794 1123	INV111.jpg
MS	83 264 118 278	794 1123	INV111.jpg
. 	120 264 123 278	794 1123	INV111.jpg
OLIVIA 	132 264 212 278	794 1123	INV111.jpg
W. 	222 264 250 278	794 1123	INV111.jpg
ADAMS	260 264 342 278	794 1123	INV111.jpg
246 	80 285 115 299	794 1123	INV111.jpg
5th 	118 285 143 299	794 1123	INV111.jpg
Ave. 	147 285 185 299	794 1123	INV111.jpg
New 	188 285 227 299	794 1123	INV111.jpg
York	231 285 265 299	794 1123	INV111.jpg
, 	267 285 270 299	794 1123	INV111.jpg
NY	275 285 303 299	794 1123	INV111.jpg
INVOICE	636 265 734 277	794 1123	INV111.jpg
Number 	632 286 700 298	794 1123	INV111.jpg
760 	702 286 735 298	794 1123	INV111.jpg
982 	740 286 769 298	794 1123	INV111.jpg
11	774 286 783 298	794 1123	INV111.jpg
PRODUCT 	112 381 185 390	794 1123	INV111.jpg
DESCRIPTION	190 381 293 390	794 1123	INV111.jpg
QTY	459 381 496 390	794 1123	INV111.jpg
PRICE	605 381 653 390	794 1123	INV111.jpg
TOTAL	754 380 813 390	794 1123	INV111.jpg
Chocolate 	109 424 201 439	794 1123	INV111.jpg
Chip	188 424 230 439	794 1123	INV111.jpg
12	462 426 482 437	794 1123	INV111.jpg
$	610 426 624 436	794 1123	INV111.jpg
5	627 426 641 436	794 1123	INV111.jpg
$ 	755 425 773 437	794 1123	INV111.jpg
60	772 424 798 436	794 1123	INV111.jpg
Toffee 	109 443 168 455	794 1123	INV111.jpg
Crunch	163 443 221 455	794 1123	INV111.jpg
12	462 444 482 455	794 1123	INV111.jpg
$	609 443 623 455	794 1123	INV111.jpg
5	628 443 639 455	794 1123	INV111.jpg
$	759 443 770 455	794 1123	INV111.jpg
60	775 443 797 455	794 1123	INV111.jpg
Peanut 	112 460 166 473	794 1123	INV111.jpg
Butter 	167 460 216 472	794 1123	INV111.jpg
Combo	220 460 274 472	794 1123	INV111.jpg
6	464 463 477 471	794 1123	INV111.jpg
$	610 461 623 472	794 1123	INV111.jpg
5	628 461 641 472	794 1123	INV111.jpg
$ 	755 461 773 472	794 1123	INV111.jpg
30	774 460 799 471	794 1123	INV111.jpg
Cinnamon 	110 479 192 490	794 1123	INV111.jpg
Butter	191 479 241 490	794 1123	INV111.jpg
3	464 480 477 489	794 1123	INV111.jpg
$	608 479 624 489	794 1123	INV111.jpg
5	627 479 641 489	794 1123	INV111.jpg
$	756 479 772 491	794 1123	INV111.jpg
15	772 478 792 490	794 1123	INV111.jpg
PAYABLE 	85 762 183 775	794 1123	INV111.jpg
TO	192 762 224 774	794 1123	INV111.jpg
Olivia 	81 789 129 803	794 1123	INV111.jpg
W. 	130 789 157 802	794 1123	INV111.jpg
Adams	161 789 215 802	794 1123	INV111.jpg
(	80 808 94 821	794 1123	INV111.jpg
04	89 807 114 821	794 1123	INV111.jpg
) 	110 807 119 821	794 1123	INV111.jpg
298 	123 807 153 821	794 1123	INV111.jpg
1092 	157 807 195 821	794 1123	INV111.jpg
0595	196 807 240 821	794 1123	INV111.jpg
+76 	80 827 112 838	794 1123	INV111.jpg
209 	115 827 147 837	794 1123	INV111.jpg
2874 	152 827 191 837	794 1123	INV111.jpg
0192	195 827 230 837	794 1123	INV111.jpg
oliviadams@email.com	81 843 253 857	794 1123	INV111.jpg
BANK 	83 890 147 903	794 1123	INV111.jpg
DETAILS	153 890 248 902	794 1123	INV111.jpg
Olivia 	79 918 128 931	794 1123	INV111.jpg
W. 	130 918 156 930	794 1123	INV111.jpg
Adams	161 918 215 930	794 1123	INV111.jpg
Account 	79 936 156 949	794 1123	INV111.jpg
Number	148 936 216 949	794 1123	INV111.jpg
: 	211 936 217 949	794 1123	INV111.jpg
2220 	222 936 263 949	794 1123	INV111.jpg
022 	267 936 299 949	794 1123	INV111.jpg
1223 	301 936 337 949	794 1123	INV111.jpg
1092	342 936 379 949	794 1123	INV111.jpg
SUBTOTAL	460 573 560 584	794 1123	INV111.jpg
$ 	755 572 769 583	794 1123	INV111.jpg
165	773 572 799 583	794 1123	INV111.jpg
GRAND 	462 590 526 601	794 1123	INV111.jpg
TOTAL	532 590 595 601	794 1123	INV111.jpg
$ 	756 590 769 601	794 1123	INV111.jpg
165	770 589 798 601	794 1123	INV111.jpg

DESCRIPTION	113 343 231 351	794 1123	INV132.jpg
QTY	508 342 546 352	794 1123	INV132.jpg
PRICE	637 342 691 350	794 1123	INV132.jpg
TOTAL	787 342 845 350	794 1123	INV132.jpg
Yellow 	110 407 171 420	794 1123	INV132.jpg
Tulips	170 407 231 419	794 1123	INV132.jpg
5	522 410 534 418	794 1123	INV132.jpg
$	641 408 658 419	794 1123	INV132.jpg
8.00	648 408 692 419	794 1123	INV132.jpg
$	785 408 802 418	794 1123	INV132.jpg
40.00	792 408 847 418	794 1123	INV132.jpg
White 	109 466 177 479	794 1123	INV132.jpg
Tulips	164 466 222 479	794 1123	INV132.jpg
5	520 468 534 476	794 1123	INV132.jpg
$	639 466 656 476	794 1123	INV132.jpg
9.00	647 466 688 476	794 1123	INV132.jpg
$	784 466 799 477	794 1123	INV132.jpg
45.00	790 466 846 477	794 1123	INV132.jpg
Yellow 	107 525 166 536	794 1123	INV132.jpg
Roses	170 525 219 535	794 1123	INV132.jpg
10	511 527 532 534	794 1123	INV132.jpg
$	634 525 649 535	794 1123	INV132.jpg
8.00	643 525 685 535	794 1123	INV132.jpg
$	780 525 795 535	794 1123	INV132.jpg
80.00	788 525 842 535	794 1123	INV132.jpg
GOLDEN	253 108 424 135	794 1123	INV132.jpg
BLOOMS	249 143 434 170	794 1123	INV132.jpg
INVOICE 	583 253 700 268	794 1123	INV132.jpg
NO	711 253 750 267	794 1123	INV132.jpg
. 	755 253 763 267	794 1123	INV132.jpg
15634	777 253 862 267	794 1123	INV132.jpg
Date 	622 276 672 288	794 1123	INV132.jpg
of 	666 276 688 287	794 1123	INV132.jpg
transaction	688 276 787 287	794 1123	INV132.jpg
: 	788 276 792 287	794 1123	INV132.jpg
10/1/19	799 276 862 287	794 1123	INV132.jpg
TOTAL 	586 602 644 612	794 1123	INV132.jpg
AMOUNT	647 602 724 611	794 1123	INV132.jpg
:	724 602 730 611	794 1123	INV132.jpg
$	795 602 809 612	794 1123	INV132.jpg
165.00	806 601 867 611	794 1123	INV132.jpg
TAX	691 635 726 645	794 1123	INV132.jpg
:	720 635 730 644	794 1123	INV132.jpg
$	802 634 818 645	794 1123	INV132.jpg
45.00	808 634 866 644	794 1123	INV132.jpg
AMOUNT 	608 666 682 675	794 1123	INV132.jpg
DUE	690 666 722 674	794 1123	INV132.jpg
:	724 666 727 674	794 1123	INV132.jpg
$	797 666 811 675	794 1123	INV132.jpg
210.00	807 666 869 675	794 1123	INV132.jpg
THANK 	260 878 331 895	794 1123	INV132.jpg
YOU 	337 878 379 895	794 1123	INV132.jpg
FOR 	390 878 428 895	794 1123	INV132.jpg
PURCHASING 	435 878 571 895	794 1123	INV132.jpg
OUR 	580 878 623 895	794 1123	INV132.jpg
BLOOMS	632 878 717 895	794 1123	INV132.jpg
!	715 878 722 895	794 1123	INV132.jpg

HEADWAY	68 58 258 76	794 1123	INV145.jpg
CLOTHING	65 90 255 110	794 1123	INV145.jpg
CO	65 122 127 143	794 1123	INV145.jpg
.	123 122 138 142	794 1123	INV145.jpg
DECEMBER 	103 223 303 243	794 1123	INV145.jpg
16 	311 223 352 242	794 1123	INV145.jpg
2002	363 223 465 242	794 1123	INV145.jpg
SALES	764 60 952 89	794 1123	INV145.jpg
INVOICE	707 110 948 140	794 1123	INV145.jpg
No. 	756 163 793 176	794 1123	INV145.jpg
122035-1254	802 163 947 176	794 1123	INV145.jpg
QTY	171 315 245 335	794 1123	INV145.jpg
DESCRIPTION	306 315 513 333	794 1123	INV145.jpg
PRICE	568 316 659 333	794 1123	INV145.jpg
TOTAL	725 317 829 333	794 1123	INV145.jpg
02	171 365 207 377	794 1123	INV145.jpg
BOOTS	306 365 397 378	794 1123	INV145.jpg
500.00	566 365 661 377	794 1123	INV145.jpg
1000.00	722 365 827 378	794 1123	INV145.jpg
SOLD 	142 658 235 676	794 1123	INV145.jpg
TO	243 658 289 676	794 1123	INV145.jpg
:	288 658 299 676	794 1123	INV145.jpg
Zooey 	141 691 221 708	794 1123	INV145.jpg
Barnes	219 691 308 707	794 1123	INV145.jpg
5504 	146 717 209 729	794 1123	INV145.jpg
3931 	215 717 263 729	794 1123	INV145.jpg
9409 	272 717 331 729	794 1123	INV145.jpg
4164	337 717 396 729	794 1123	INV145.jpg
TOTAL	596 512 686 526	794 1123	INV145.jpg
: 	687 512 695 525	794 1123	INV145.jpg
1000.00	719 512 827 525	794 1123	INV145.jpg
88 	507 691 539 705	794 1123	INV145.jpg
Lee 	545 691 585 705	794 1123	INV145.jpg
Avenue	589 691 680 705	794 1123	INV145.jpg
Maple 	505 715 591 733	794 1123	INV145.jpg
Shade	586 715 659 733	794 1123	INV145.jpg
, 	659 715 666 733	794 1123	INV145.jpg
NJ 	673 715 705 733	794 1123	INV145.jpg
08052	710 715 787 733	794 1123	INV145.jpg
THANK 	311 830 520 861	794 1123	INV145.jpg
YOU	530 830 661 861	794 1123	INV145.jpg
!	666 830 681 861	794 1123	INV145.jpg
+	397 899 431 911	794 1123	INV145.jpg
1-417-330-6297	410 899 593 911	794 1123	INV145.jpg
2445 	249 923 317 940	794 1123	INV145.jpg
Lighthouse 	321 923 447 940	794 1123	INV145.jpg
Drive 	453 923 513 940	794 1123	INV145.jpg
Branson	520 923 612 940	794 1123	INV145.jpg
, 	613 923 618 940	794 1123	INV145.jpg
MO 	625 923 668 940	794 1123	INV145.jpg
65616	675 923 743 940	794 1123	INV145.jpg
info@headwayclothing.com	341 948 653 966	794 1123	INV145.jpg

VIVOPAC 	91 137 212 153	1758 2275	INV168.jpg
MARKETING 	224 137 385 153	1758 2275	INV168.jpg
SDN 	395 137 451 153	1758 2275	INV168.jpg
BHD	461 137 518 153	1758 2275	INV168.jpg
14 	89 163 110 172	1758 2275	INV168.jpg
JALAN 	113 163 169 172	1758 2275	INV168.jpg
MANIS 	173 163 226 172	1758 2275	INV168.jpg
4 	231 163 242 172	1758 2275	INV168.jpg
TAMAN 	246 163 306 172	1758 2275	INV168.jpg
SEGAR 	310 163 370 172	1758 2275	INV168.jpg
56100 	374 163 420 172	1758 2275	INV168.jpg
KL	424 163 447 172	1758 2275	INV168.jpg
DESCRIPTION	252 230 364 240	1758 2275	INV168.jpg
QTY	733 231 769 240	1758 2275	INV168.jpg
AMOUNT	854 231 928 240	1758 2275	INV168.jpg
PP	91 256 112 265	1758 2275	INV168.jpg
-	117 256 122 265	1758 2275	INV168.jpg
14x20 	127 256 171 265	1758 2275	INV168.jpg
0.04mm	176 256 236 265	1758 2275	INV168.jpg
1.00 	655 256 687 265	1758 2275	INV168.jpg
PKT	693 256 725 265	1758 2275	INV168.jpg
14.60	849 257 895 265	1758 2275	INV168.jpg
PP	91 290 112 300	1758 2275	INV168.jpg
-	117 290 122 300	1758 2275	INV168.jpg
16x26 	127 290 172 300	1758 2275	INV168.jpg
0.04mm	176 290 236 300	1758 2275	INV168.jpg
1.00 	655 290 687 299	1758 2275	INV168.jpg
PKT	693 290 725 299	1758 2275	INV168.jpg
14.60	849 290 895 299	1758 2275	INV168.jpg
24 	89 323 108 336	1758 2275	INV168.jpg
x 	112 323 122 336	1758 2275	INV168.jpg
28 	125 323 145 336	1758 2275	INV168.jpg
(	149 323 154 336	1758 2275	INV168.jpg
75HT	154 323 195 336	1758 2275	INV168.jpg
) 	196 323 200 336	1758 2275	INV168.jpg
Red	207 323 235 336	1758 2275	INV168.jpg
1.00 	655 325 688 334	1758 2275	INV168.jpg
PKT	693 325 725 334	1758 2275	INV168.jpg
6.00	850 324 885 334	1758 2275	INV168.jpg
26 	90 358 108 371	1758 2275	INV168.jpg
x 	113 358 121 371	1758 2275	INV168.jpg
33 	126 358 143 371	1758 2275	INV168.jpg
(	149 358 153 371	1758 2275	INV168.jpg
85HT	155 358 195 371	1758 2275	INV168.jpg
) 	196 358 200 371	1758 2275	INV168.jpg
Red	206 358 234 371	1758 2275	INV168.jpg
1.00 	655 359 687 368	1758 2275	INV168.jpg
PKT	693 359 725 368	1758 2275	INV168.jpg
8.00	850 359 884 368	1758 2275	INV168.jpg
1 	91 391 97 402	1758 2275	INV168.jpg
OPP 	104 391 138 402	1758 2275	INV168.jpg
Tapes	144 391 189 402	1758 2275	INV168.jpg
1.00 	655 391 687 400	1758 2275	INV168.jpg
PCS	693 391 725 400	1758 2275	INV168.jpg
0.80	849 390 886 400	1758 2275	INV168.jpg
Make 	88 447 132 459	1758 2275	INV168.jpg
all 	136 447 151 459	1758 2275	INV168.jpg
checks 	158 447 208 459	1758 2275	INV168.jpg
payable 	214 447 271 459	1758 2275	INV168.jpg
to 	277 447 290 459	1758 2275	INV168.jpg
VIVOPAC 	295 447 369 459	1758 2275	INV168.jpg
MARKETING 	375 447 472 459	1758 2275	INV168.jpg
SDN	478 447 511 459	1758 2275	INV168.jpg
BHD	89 464 125 473	1758 2275	INV168.jpg
.	126 464 128 473	1758 2275	INV168.jpg
If 	90 482 98 495	1758 2275	INV168.jpg
you 	103 482 129 495	1758 2275	INV168.jpg
have 	135 482 170 495	1758 2275	INV168.jpg
any 	176 482 203 495	1758 2275	INV168.jpg
questions 	207 482 278 495	1758 2275	INV168.jpg
concerning 	283 482 364 495	1758 2275	INV168.jpg
this 	369 482 394 495	1758 2275	INV168.jpg
invoice	399 482 451 495	1758 2275	INV168.jpg
, 	452 482 455 495	1758 2275	INV168.jpg
Contact	461 482 518 495	1758 2275	INV168.jpg
Name	90 499 133 510	1758 2275	INV168.jpg
, 	135 499 137 510	1758 2275	INV168.jpg
Phone 	145 499 191 510	1758 2275	INV168.jpg
Number	197 499 256 510	1758 2275	INV168.jpg
, 	255 499 258 510	1758 2275	INV168.jpg
Email	265 499 305 510	1758 2275	INV168.jpg
THANK 	91 533 149 542	1758 2275	INV168.jpg
YOU 	154 533 189 542	1758 2275	INV168.jpg
FOR 	194 533 229 542	1758 2275	INV168.jpg
YOUR 	234 533 281 542	1758 2275	INV168.jpg
BUSINESS	286 533 371 542	1758 2275	INV168.jpg
!	372 533 377 542	1758 2275	INV168.jpg
DATE	564 137 611 146	1758 2275	INV168.jpg
:	610 137 615 146	1758 2275	INV168.jpg
17/01/2017 	655 137 737 147	1758 2275	INV168.jpg
01:31:27 	743 137 807 147	1758 2275	INV168.jpg
PM	813 137 837 147	1758 2275	INV168.jpg
INVOICE 	550 171 618 181	1758 2275	INV168.jpg
#	621 171 632 181	1758 2275	INV168.jpg
CS21532619	655 171 752 181	1758 2275	INV168.jpg
SALES 	736 432 790 441	1758 2275	INV168.jpg
TAX	796 432 830 441	1758 2275	INV168.jpg
2.64	896 432 932 440	1758 2275	INV168.jpg
TOTAL	774 465 828 473	1758 2275	INV168.jpg
46.65	887 465 934 473	1758 2275	INV168.jpg

99 	53 109 69 120	1758 2275	INV180.jpg
SPEED 	71 109 109 120	1758 2275	INV180.jpg
MART 	113 109 149 120	1758 2275	INV180.jpg
S	152 109 159 120	1758 2275	INV180.jpg
/	158 109 165 120	1758 2275	INV180.jpg
B 	166 109 173 120	1758 2275	INV180.jpg
(	176 109 180 120	1758 2275	INV180.jpg
519537	181 109 224 120	1758 2275	INV180.jpg
-	225 109 229 120	1758 2275	INV180.jpg
X	228 109 238 120	1758 2275	INV180.jpg
)	236 109 240 120	1758 2275	INV180.jpg
LOT 	344 124 362 131	1758 2275	INV180.jpg
P.T. 	365 124 381 131	1758 2275	INV180.jpg
33198	384 124 414 131	1758 2275	INV180.jpg
, 	413 124 415 131	1758 2275	INV180.jpg
BATU 	419 124 443 131	1758 2275	INV180.jpg
4 	446 124 452 131	1758 2275	INV180.jpg
JALAN 	455 124 483 131	1758 2275	INV180.jpg
KAPAR	486 124 517 131	1758 2275	INV180.jpg
,	517 124 519 131	1758 2275	INV180.jpg
MUKIN 	344 135 376 142	1758 2275	INV180.jpg
KAPAR 	379 135 410 142	1758 2275	INV180.jpg
42100 	412 135 441 142	1758 2275	INV180.jpg
KLANG	444 135 476 142	1758 2275	INV180.jpg
, 	475 135 478 142	1758 2275	INV180.jpg
SELANGOR	481 135 531 142	1758 2275	INV180.jpg
Invoice 	470 148 516 156	1758 2275	INV180.jpg
#	515 148 524 155	1758 2275	INV180.jpg
:	523 148 526 155	1758 2275	INV180.jpg
17545	545 147 576 154	1758 2275	INV180.jpg
/	576 147 581 154	1758 2275	INV180.jpg
102	578 147 598 154	1758 2275	INV180.jpg
/	597 147 603 154	1758 2275	INV180.jpg
T0040	603 147 633 154	1758 2275	INV180.jpg
Invoice 	449 166 492 173	1758 2275	INV180.jpg
Date	495 166 523 173	1758 2275	INV180.jpg
:	524 166 527 173	1758 2275	INV180.jpg
13-01-16	546 165 589 171	1758 2275	INV180.jpg
Item 	80 223 102 228	1758 2275	INV180.jpg
#	103 223 112 228	1758 2275	INV180.jpg
Description	204 223 262 230	1758 2275	INV180.jpg
Qty	426 223 446 229	1758 2275	INV180.jpg
Unit 	565 223 588 228	1758 2275	INV180.jpg
Price	591 223 614 228	1758 2275	INV180.jpg
1	92 248 100 254	1758 2275	INV180.jpg
9500 	153 248 176 254	1758 2275	INV180.jpg
MASSIMO 	179 248 225 254	1758 2275	INV180.jpg
WHEAT 	228 248 263 254	1758 2275	INV180.jpg
GERM 	266 248 294 254	1758 2275	INV180.jpg
400	296 248 313 254	1758 2275	INV180.jpg
4	432 249 441 254	1758 2275	INV180.jpg
2.25	579 248 602 254	1758 2275	INV180.jpg
2	92 272 100 277	1758 2275	INV180.jpg
1988 	160 271 183 277	1758 2275	INV180.jpg
PANTENE 	187 271 230 277	1758 2275	INV180.jpg
HAIR 	232 271 254 277	1758 2275	INV180.jpg
FALL 	258 271 278 277	1758 2275	INV180.jpg
CONT	282 271 308 277	1758 2275	INV180.jpg
1	433 272 441 277	1758 2275	INV180.jpg
10.95	576 271 605 277	1758 2275	INV180.jpg
3	91 295 100 300	1758 2275	INV180.jpg
739 	157 294 175 300	1758 2275	INV180.jpg
PANTENE 	177 294 220 300	1758 2275	INV180.jpg
TTL 	222 294 238 300	1758 2275	INV180.jpg
DAMAGE 	242 294 283 300	1758 2275	INV180.jpg
CARE	286 294 310 300	1758 2275	INV180.jpg
3	432 295 441 300	1758 2275	INV180.jpg
10.95	576 294 604 300	1758 2275	INV180.jpg
4	91 312 100 317	1758 2275	INV180.jpg
1817 	167 311 189 317	1758 2275	INV180.jpg
AJI	192 311 204 317	1758 2275	INV180.jpg
-	205 311 208 317	1758 2275	INV180.jpg
SHIO 	209 311 232 317	1758 2275	INV180.jpg
BLACK 	234 311 264 317	1758 2275	INV180.jpg
PEPPER	266 311 300 317	1758 2275	INV180.jpg
2	433 312 441 317	1758 2275	INV180.jpg
5.75	580 312 601 317	1758 2275	INV180.jpg
Invoice 	468 355 503 361	1758 2275	INV180.jpg
Subtotal	505 355 543 361	1758 2275	INV180.jpg
29.9	604 355 626 360	1758 2275	INV180.jpg
Tax 	502 373 520 378	1758 2275	INV180.jpg
Rate	522 373 545 378	1758 2275	INV180.jpg
9	611 373 620 379	1758 2275	INV180.jpg
%	616 373 626 379	1758 2275	INV180.jpg
TOTAL	513 398 543 403	1758 2275	INV180.jpg
45.9	603 397 626 403	1758 2275	INV180.jpg
MAKE 	51 416 80 424	1758 2275	INV180.jpg
ALL 	83 416 99 424	1758 2275	INV180.jpg
CHECKS 	102 416 138 424	1758 2275	INV180.jpg
PAYABLE 	141 416 180 424	1758 2275	INV180.jpg
TO 	183 416 196 424	1758 2275	INV180.jpg
99 	201 416 213 424	1758 2275	INV180.jpg
SPEED 	216 416 244 424	1758 2275	INV180.jpg
MART 	248 416 275 424	1758 2275	INV180.jpg
S	277 416 283 424	1758 2275	INV180.jpg
/	281 416 287 424	1758 2275	INV180.jpg
B 	287 416 293 424	1758 2275	INV180.jpg
(	295 416 299 424	1758 2275	INV180.jpg
519537	299 416 334 424	1758 2275	INV180.jpg
-	334 416 337 424	1758 2275	INV180.jpg
Χ	336 416 344 424	1758 2275	INV180.jpg
)	341 416 345 424	1758 2275	INV180.jpg
.	347 416 349 424	1758 2275	INV180.jpg
TOTAL 	52 440 83 446	1758 2275	INV180.jpg
DUE 	85 440 105 446	1758 2275	INV180.jpg
IN 	107 440 117 446	1758 2275	INV180.jpg
10 	120 440 131 446	1758 2275	INV180.jpg
DAYS	134 440 158 446	1758 2275	INV180.jpg
. 	159 440 160 446	1758 2275	INV180.jpg
OVERDUE 	163 440 209 446	1758 2275	INV180.jpg
ACCOUNTS 	211 440 263 446	1758 2275	INV180.jpg
ARE 	265 440 284 446	1758 2275	INV180.jpg
SUBJECT 	287 440 326 446	1758 2275	INV180.jpg
TO 	328 440 341 446	1758 2275	INV180.jpg
AN 	344 440 357 446	1758 2275	INV180.jpg
INTEREST 	360 440 403 446	1758 2275	INV180.jpg
CHARGE 	406 440 444 446	1758 2275	INV180.jpg
OF 	447 440 460 446	1758 2275	INV180.jpg
2	462 440 468 446	1758 2275	INV180.jpg
% 	468 440 476 446	1758 2275	INV180.jpg
PER 	479 440 496 446	1758 2275	INV180.jpg
MONTH	500 440 536 446	1758 2275	INV180.jpg
.	536 440 538 446	1758 2275	INV180.jpg

KEDAI 	54 110 89 118	1758 2275	INV191.jpg
PAPAN 	94 110 135 118	1758 2275	INV191.jpg
YEW 	138 110 167 118	1758 2275	INV191.jpg
CHUAN	170 110 213 118	1758 2275	INV191.jpg
LOT 	344 124 362 130	1758 2275	INV191.jpg
276 	364 124 381 130	1758 2275	INV191.jpg
JALAN 	384 124 412 130	1758 2275	INV191.jpg
BANTING	416 124 457 130	1758 2275	INV191.jpg
43800 	343 136 372 143	1758 2275	INV191.jpg
DENGKIL	375 136 415 142	1758 2275	INV191.jpg
, 	415 136 418 142	1758 2275	INV191.jpg
SELANGOR	421 136 471 142	1758 2275	INV191.jpg
.	471 136 473 142	1758 2275	INV191.jpg
CUSTOMER 	55 148 109 153	1758 2275	INV191.jpg
#	114 148 120 153	1758 2275	INV191.jpg
: 	120 148 122 153	1758 2275	INV191.jpg
SUCI 	142 148 163 154	1758 2275	INV191.jpg
ALAM 	167 148 193 154	1758 2275	INV191.jpg
JAYA 	196 148 220 154	1758 2275	INV191.jpg
TRANSPORT	221 148 277 154	1758 2275	INV191.jpg
Invoice 	470 148 519 156	1758 2275	INV191.jpg
#	515 148 524 155	1758 2275	INV191.jpg
:	524 148 527 155	1758 2275	INV191.jpg
CS00010702	547 148 605 153	1758 2275	INV191.jpg
Invoice 	449 165 493 173	1758 2275	INV191.jpg
Date	496 165 524 173	1758 2275	INV191.jpg
:	524 165 529 173	1758 2275	INV191.jpg
12/3/2018	545 164 598 172	1758 2275	INV191.jpg
Item 	80 223 102 228	1758 2275	INV191.jpg
#	103 223 112 228	1758 2275	INV191.jpg
Description	204 223 262 230	1758 2275	INV191.jpg
Qty	426 223 447 229	1758 2275	INV191.jpg
Total 	564 222 589 228	1758 2275	INV191.jpg
Price	592 222 616 228	1758 2275	INV191.jpg
1	92 248 100 254	1758 2275	INV191.jpg
101869 	176 247 211 255	1758 2275	INV191.jpg
PASIR 	214 247 240 255	1758 2275	INV191.jpg
KASAR 	243 247 273 255	1758 2275	INV191.jpg
(	275 247 279 255	1758 2275	INV191.jpg
D	279 247 286 255	1758 2275	INV191.jpg
)	285 247 289 255	1758 2275	INV191.jpg
2	433 248 441 253	1758 2275	INV191.jpg
127.2	577 248 605 253	1758 2275	INV191.jpg
2	92 272 100 276	1758 2275	INV191.jpg
101871 	185 270 220 278	1758 2275	INV191.jpg
BATU 	223 270 248 278	1758 2275	INV191.jpg
3/4 	250 270 266 278	1758 2275	INV191.jpg
(	268 270 271 278	1758 2275	INV191.jpg
D	272 270 279 278	1758 2275	INV191.jpg
)	278 270 282 278	1758 2275	INV191.jpg
1	434 272 440 277	1758 2275	INV191.jpg
68.9	579 271 601 277	1758 2275	INV191.jpg
3	91 294 100 299	1758 2275	INV191.jpg
101756 	200 294 234 300	1758 2275	INV191.jpg
SIMEN	237 294 267 300	1758 2275	INV191.jpg
5	432 294 441 299	1758 2275	INV191.jpg
87.45	576 294 604 300	1758 2275	INV191.jpg
Tax 	416 344 434 349	1758 2275	INV191.jpg
Rate	435 344 459 349	1758 2275	INV191.jpg
16.05	576 343 604 349	1758 2275	INV191.jpg
Total	414 360 439 366	1758 2275	INV191.jpg
283.55	573 360 606 366	1758 2275	INV191.jpg
MAKE 	52 380 80 386	1758 2275	INV191.jpg
ALL 	83 380 99 386	1758 2275	INV191.jpg
CHECKS 	101 380 137 386	1758 2275	INV191.jpg
PAYABLE 	141 380 180 386	1758 2275	INV191.jpg
TO 	183 380 196 386	1758 2275	INV191.jpg
KEDAI 	202 380 228 386	1758 2275	INV191.jpg
PAPAN 	232 380 263 386	1758 2275	INV191.jpg
YEW 	266 380 287 386	1758 2275	INV191.jpg
CHUAN	290 380 324 386	1758 2275	INV191.jpg
.	325 380 326 386	1758 2275	INV191.jpg
TOTAL 	52 403 83 409	1758 2275	INV191.jpg
DUE 	85 403 104 409	1758 2275	INV191.jpg
IN 	106 403 117 409	1758 2275	INV191.jpg
10 	120 403 131 409	1758 2275	INV191.jpg
DAYS	134 403 158 409	1758 2275	INV191.jpg
. 	158 403 160 409	1758 2275	INV191.jpg
OVERDUE 	163 403 209 409	1758 2275	INV191.jpg
ACCOUNTS 	211 403 262 409	1758 2275	INV191.jpg
ARE 	265 403 283 409	1758 2275	INV191.jpg
SUBJECT 	286 403 325 409	1758 2275	INV191.jpg
TO 	328 403 341 409	1758 2275	INV191.jpg
AN 	344 403 357 409	1758 2275	INV191.jpg
INTEREST 	360 403 403 409	1758 2275	INV191.jpg
CHARGE 	406 403 444 409	1758 2275	INV191.jpg
OF 	447 403 460 409	1758 2275	INV191.jpg
2	463 403 468 409	1758 2275	INV191.jpg
% 	468 403 476 409	1758 2275	INV191.jpg
PER 	479 403 496 409	1758 2275	INV191.jpg
MOΝΤΗ	500 403 535 409	1758 2275	INV191.jpg
.	536 403 538 409	1758 2275	INV191.jpg

SYARIKAT 	95 103 198 115	1758 2275	INV217.jpg
PERNIAGAAN 	206 103 340 115	1758 2275	INV217.jpg
GIN 	348 103 385 115	1758 2275	INV217.jpg
KEE	394 103 431 115	1758 2275	INV217.jpg
SYARIKAT 	92 141 145 148	1758 2275	INV217.jpg
PERNIAGAAN 	147 141 215 147	1758 2275	INV217.jpg
GIN	218 141 237 147	1758 2275	INV217.jpg
KEE	91 152 112 157	1758 2275	INV217.jpg
NO 	92 162 108 170	1758 2275	INV217.jpg
290	111 162 129 170	1758 2275	INV217.jpg
, 	130 162 133 170	1758 2275	INV217.jpg
JALAN 	136 162 167 170	1758 2275	INV217.jpg
AIR 	170 162 189 170	1758 2275	INV217.jpg
PANAS	193 162 227 170	1758 2275	INV217.jpg
,	226 162 230 170	1758 2275	INV217.jpg
SETAPAK	92 172 139 180	1758 2275	INV217.jpg
, 	138 172 141 179	1758 2275	INV217.jpg
53200	144 172 175 179	1758 2275	INV217.jpg
, 	175 172 178 179	1758 2275	INV217.jpg
KUALA	182 172 216 179	1758 2275	INV217.jpg
LUMPUR	92 182 136 189	1758 2275	INV217.jpg
.	136 182 138 188	1758 2275	INV217.jpg
Date	154 237 182 243	1758 2275	INV217.jpg
Description	339 237 400 244	1758 2275	INV217.jpg
Qty	610 237 630 244	1758 2275	INV217.jpg
Amount	805 237 848 243	1758 2275	INV217.jpg
11/1/2018	143 250 191 256	1758 2275	INV217.jpg
1627 	246 250 267 256	1758 2275	INV217.jpg
WALL 	269 250 298 256	1758 2275	INV217.jpg
SCRAPER 	300 250 348 256	1758 2275	INV217.jpg
3	350 250 356 256	1758 2275	INV217.jpg
"	357 250 361 256	1758 2275	INV217.jpg
1	737 250 744 256	1758 2275	INV217.jpg
4.45	883 250 907 256	1758 2275	INV217.jpg
2167 	245 263 266 270	1758 2275	INV217.jpg
4.5KG 	269 263 296 269	1758 2275	INV217.jpg
RENDEROC 	301 263 357 269	1758 2275	INV217.jpg
PLUG	361 263 387 269	1758 2275	INV217.jpg
2	737 264 745 269	1758 2275	INV217.jpg
101.76	873 264 906 269	1758 2275	INV217.jpg
1735 	244 277 267 284	1758 2275	INV217.jpg
5	270 277 276 284	1758 2275	INV217.jpg
" 	277 277 279 284	1758 2275	INV217.jpg
SCRAPER 	282 277 331 284	1758 2275	INV217.jpg
(	332 277 336 284	1758 2275	INV217.jpg
ADAMARK	336 277 386 284	1758 2275	INV217.jpg
)	385 277 389 284	1758 2275	INV217.jpg
1	737 277 744 282	1758 2275	INV217.jpg
10.07	879 277 906 283	1758 2275	INV217.jpg
TAX	610 293 630 299	1758 2275	INV217.jpg
6.58	884 291 906 297	1758 2275	INV217.jpg
TOTAL	597 304 645 312	1758 2275	INV217.jpg
116.28	874 305 906 310	1758 2275	INV217.jpg
Invoice 	435 152 472 158	1758 2275	INV217.jpg
No. 	474 152 492 157	1758 2275	INV217.jpg
CS00012664	496 152 554 157	1758 2275	INV217.jpg
Thanks 	257 373 311 383	1758 2275	INV217.jpg
for 	311 373 336 383	1758 2275	INV217.jpg
letting 	339 373 385 383	1758 2275	INV217.jpg
us 	387 373 405 383	1758 2275	INV217.jpg
serve 	406 373 448 383	1758 2275	INV217.jpg
you	448 373 476 383	1758 2275	INV217.jpg
!	473 373 482 383	1758 2275	INV217.jpg

INVOICE	73 44 305 97	1681 2379	INVH007.jpg
Peach 	73 122 120 131	1681 2379	INVH007.jpg
Kitchen	126 122 187 131	1681 2379	INVH007.jpg
782 	71 142 100 153	1681 2379	INVH007.jpg
W 	105 142 121 153	1681 2379	INVH007.jpg
Hillside 	126 142 179 153	1681 2379	INVH007.jpg
Ave. 	183 142 217 153	1681 2379	INVH007.jpg
Ontario	222 142 277 153	1681 2379	INVH007.jpg
, 	279 142 280 153	1681 2379	INVH007.jpg
CA 	287 142 311 153	1681 2379	INVH007.jpg
88212	315 142 361 153	1681 2379	INVH007.jpg
BILL 	71 179 106 193	1681 2379	INVH007.jpg
TO	109 179 130 192	1681 2379	INVH007.jpg
SHIP 	349 179 386 194	1681 2379	INVH007.jpg
TO	389 179 410 194	1681 2379	INVH007.jpg
INVOICE 	617 179 678 194	1681 2379	INVH007.jpg
#	684 179 693 194	1681 2379	INVH007.jpg
8834	861 185 903 193	1681 2379	INVH007.jpg
-	901 185 906 192	1681 2379	INVH007.jpg
B1	907 185 923 192	1681 2379	INVH007.jpg
INVOICE 	617 204 678 218	1681 2379	INVH007.jpg
DATE	684 204 724 218	1681 2379	INVH007.jpg
01/08/0020	842 209 927 218	1681 2379	INVH007.jpg
MAXWELL 	73 205 154 214	1681 2379	INVH007.jpg
JAMES 	158 205 214 214	1681 2379	INVH007.jpg
HOLMES	221 205 289 214	1681 2379	INVH007.jpg
MS	349 205 373 214	1681 2379	INVH007.jpg
. 	375 205 377 214	1681 2379	INVH007.jpg
NORA 	385 205 431 214	1681 2379	INVH007.jpg
FROME	438 205 496 214	1681 2379	INVH007.jpg
3339 	350 222 386 231	1681 2379	INVH007.jpg
Simons 	392 222 447 231	1681 2379	INVH007.jpg
Hollow 	452 222 502 231	1681 2379	INVH007.jpg
Road	507 222 546 231	1681 2379	INVH007.jpg
Middletown	349 240 433 250	1681 2379	INVH007.jpg
, 	436 240 437 250	1681 2379	INVH007.jpg
PA 	444 240 466 250	1681 2379	INVH007.jpg
10940	472 240 517 250	1681 2379	INVH007.jpg
QTY	98 317 130 331	1681 2379	INVH007.jpg
DESCRIPTION	301 316 402 332	1681 2379	INVH007.jpg
UNIT 	607 317 645 331	1681 2379	INVH007.jpg
PRICE	650 317 695 331	1681 2379	INVH007.jpg
AMOUNT	844 318 914 331	1681 2379	INVH007.jpg
50	104 353 125 361	1681 2379	INVH007.jpg
Appetizer 	169 353 241 364	1681 2379	INVH007.jpg
El 	247 353 260 364	1681 2379	INVH007.jpg
Pequinio 	267 353 331 364	1681 2379	INVH007.jpg
& 	337 353 346 364	1681 2379	INVH007.jpg
Street 	352 353 396 364	1681 2379	INVH007.jpg
Tacos	402 353 446 364	1681 2379	INVH007.jpg
5.00	662 353 697 361	1681 2379	INVH007.jpg
250.00	859 353 916 361	1681 2379	INVH007.jpg
30	102 384 125 391	1681 2379	INVH007.jpg
Entree 	170 382 218 392	1681 2379	INVH007.jpg
Smothered 	224 382 305 392	1681 2379	INVH007.jpg
Chicken 	310 382 371 392	1681 2379	INVH007.jpg
Tenders	375 382 437 392	1681 2379	INVH007.jpg
6.67	662 384 696 391	1681 2379	INVH007.jpg
200.00	859 384 914 391	1681 2379	INVH007.jpg
20	101 414 126 422	1681 2379	INVH007.jpg
Dessert 	168 414 231 423	1681 2379	INVH007.jpg
Doris 	233 414 271 423	1681 2379	INVH007.jpg
Viennese 	274 414 346 423	1681 2379	INVH007.jpg
Table 	350 414 393 423	1681 2379	INVH007.jpg
& 	397 414 408 423	1681 2379	INVH007.jpg
Tiramisu	414 414 476 423	1681 2379	INVH007.jpg
7.50	661 414 697 422	1681 2379	INVH007.jpg
150.00	860 414 913 422	1681 2379	INVH007.jpg
50	103 445 125 453	1681 2379	INVH007.jpg
Side 	170 444 203 456	1681 2379	INVH007.jpg
Orders 	208 444 258 456	1681 2379	INVH007.jpg
El 	265 444 279 456	1681 2379	INVH007.jpg
Pequinio 	286 444 350 456	1681 2379	INVH007.jpg
& 	355 444 365 456	1681 2379	INVH007.jpg
Street 	371 444 415 456	1681 2379	INVH007.jpg
Tacos	420 444 465 456	1681 2379	INVH007.jpg
5.00	662 445 697 453	1681 2379	INVH007.jpg
250.00	859 445 913 453	1681 2379	INVH007.jpg
Thank 	159 897 369 964	1681 2379	INVH007.jpg
you	386 899 497 965	1681 2379	INVH007.jpg
Subtotal	632 486 694 494	1681 2379	INVH007.jpg
850.00	859 486 916 494	1681 2379	INVH007.jpg
TAX 	610 517 643 525	1681 2379	INVH007.jpg
12.0	648 517 679 525	1681 2379	INVH007.jpg
%	681 517 694 525	1681 2379	INVH007.jpg
102.00	860 517 914 525	1681 2379	INVH007.jpg
TOTAL	640 544 695 559	1681 2379	INVH007.jpg
$	834 543 848 561	1681 2379	INVH007.jpg
952.00	845 543 913 561	1681 2379	INVH007.jpg
TERMS 	520 892 573 906	1681 2379	INVH007.jpg
& 	579 892 587 906	1681 2379	INVH007.jpg
CONDITIONS	594 892 688 906	1681 2379	INVH007.jpg
Payment 	519 937 586 949	1681 2379	INVH007.jpg
is 	590 937 602 949	1681 2379	INVH007.jpg
due 	607 937 635 949	1681 2379	INVH007.jpg
within 	640 937 682 949	1681 2379	INVH007.jpg
15 	688 937 704 949	1681 2379	INVH007.jpg
days	710 937 745 949	1681 2379	INVH007.jpg

RICHARD 	74 70 193 84	1681 2379	INVH019.jpg
PEARSON	205 70 334 84	1681 2379	INVH019.jpg
15400 	71 110 117 122	1681 2379	INVH019.jpg
Sherman 	124 110 190 122	1681 2379	INVH019.jpg
Way 	196 110 230 122	1681 2379	INVH019.jpg
#	234 110 243 122	1681 2379	INVH019.jpg
170	245 110 271 122	1681 2379	INVH019.jpg
, 	273 110 275 122	1681 2379	INVH019.jpg
Van 	280 110 311 122	1681 2379	INVH019.jpg
Nuys	317 110 352 122	1681 2379	INVH019.jpg
, 	355 110 356 122	1681 2379	INVH019.jpg
CA	363 110 387 122	1681 2379	INVH019.jpg
, 	387 110 389 122	1681 2379	INVH019.jpg
91406	396 110 442 122	1681 2379	INVH019.jpg
INVOICE	819 70 926 85	1681 2379	INVH019.jpg
Bill 	70 215 98 223	1681 2379	INVH019.jpg
To	101 215 124 223	1681 2379	INVH019.jpg
MONOLITH 	72 234 159 244	1681 2379	INVH019.jpg
FASHION	167 234 239 243	1681 2379	INVH019.jpg
Ship 	373 214 410 225	1681 2379	INVH019.jpg
To	415 214 436 225	1681 2379	INVH019.jpg
3937 	375 235 411 244	1681 2379	INVH019.jpg
DAVIS 	418 235 466 244	1681 2379	INVH019.jpg
AVENUE	472 235 539 244	1681 2379	INVH019.jpg
OAKLAND	376 251 453 262	1681 2379	INVH019.jpg
, 	455 251 456 261	1681 2379	INVH019.jpg
CA 	464 251 487 261	1681 2379	INVH019.jpg
94612	492 251 538 261	1681 2379	INVH019.jpg
Invoice 	717 214 778 223	1681 2379	INVH019.jpg
#	777 214 788 223	1681 2379	INVH019.jpg
6734	888 215 929 223	1681 2379	INVH019.jpg
Invoice 	690 239 746 247	1681 2379	INVH019.jpg
Date	751 239 788 247	1681 2379	INVH019.jpg
10/10/2010	843 239 927 248	1681 2379	INVH019.jpg
QTY	91 356 127 365	1681 2379	INVH019.jpg
DESCRIPTION	298 356 411 364	1681 2379	INVH019.jpg
UNIT 	587 356 625 364	1681 2379	INVH019.jpg
PRICE	632 356 681 364	1681 2379	INVH019.jpg
AMOUNT	777 356 853 364	1681 2379	INVH019.jpg
2	103 387 116 395	1681 2379	INVH019.jpg
Raw 	162 387 193 398	1681 2379	INVH019.jpg
Edge 	200 387 237 398	1681 2379	INVH019.jpg
T	243 387 253 398	1681 2379	INVH019.jpg
-	254 387 258 398	1681 2379	INVH019.jpg
Shirt	259 387 293 398	1681 2379	INVH019.jpg
237.90	642 387 697 395	1681 2379	INVH019.jpg
475.80	858 388 914 395	1681 2379	INVH019.jpg
1	104 419 114 427	1681 2379	INVH019.jpg
Skinny 	160 418 211 429	1681 2379	INVH019.jpg
Low 	216 418 245 429	1681 2379	INVH019.jpg
Jeans	251 418 294 429	1681 2379	INVH019.jpg
156.20	642 419 696 427	1681 2379	INVH019.jpg
156.20	860 418 915 427	1681 2379	INVH019.jpg
Subtotal	632 450 694 458	1681 2379	INVH019.jpg
632.00	860 450 915 458	1681 2379	INVH019.jpg
Tax 	623 480 653 489	1681 2379	INVH019.jpg
2.0	656 480 680 489	1681 2379	INVH019.jpg
%	680 480 694 489	1681 2379	INVH019.jpg
12.64	869 480 914 488	1681 2379	INVH019.jpg
TOTAL	617 512 694 524	1681 2379	INVH019.jpg
$	828 510 840 525	1681 2379	INVH019.jpg
644.64	841 510 913 525	1681 2379	INVH019.jpg
HAPPY 	581 848 697 866	1681 2379	INVH019.jpg
NEW 	717 848 796 866	1681 2379	INVH019.jpg
YEAR	813 848 903 867	1681 2379	INVH019.jpg
and 	580 873 610 893	1681 2379	INVH019.jpg
MERRY 	620 873 718 893	1681 2379	INVH019.jpg
CHRISTMAS	729 873 905 893	1681 2379	INVH019.jpg
Terms 	71 898 121 907	1681 2379	INVH019.jpg
& 	126 898 138 907	1681 2379	INVH019.jpg
Conditions	143 898 230 907	1681 2379	INVH019.jpg
Payment 	73 918 138 929	1681 2379	INVH019.jpg
is 	142 918 154 929	1681 2379	INVH019.jpg
due 	160 918 187 929	1681 2379	INVH019.jpg
within 	192 918 234 929	1681 2379	INVH019.jpg
15 	240 918 258 929	1681 2379	INVH019.jpg
days	263 918 297 929	1681 2379	INVH019.jpg

NATHANIEL 	74 49 235 64	1681 2379	INVH038.jpg
MCKENZIE	254 49 397 63	1681 2379	INVH038.jpg
1681 	73 76 105 85	1681 2379	INVH038.jpg
CHRISTIE 	114 76 191 85	1681 2379	INVH038.jpg
WAY 	196 76 235 85	1681 2379	INVH038.jpg
LOWELL	240 76 308 85	1681 2379	INVH038.jpg
.	309 76 311 85	1681 2379	INVH038.jpg
MASSACHUSETS	73 93 209 102	1681 2379	INVH038.jpg
BILL 	73 148 130 160	1681 2379	INVH038.jpg
TO	143 148 174 160	1681 2379	INVH038.jpg
Samantha 	73 174 148 182	1681 2379	INVH038.jpg
Griffin	153 174 196 182	1681 2379	INVH038.jpg
QTY	89 264 142 276	1681 2379	INVH038.jpg
DESCRIPTION	270 263 434 277	1681 2379	INVH038.jpg
UNIT 	571 263 634 277	1681 2379	INVH038.jpg
PRICE	647 263 716 277	1681 2379	INVH038.jpg
AMOUNT	787 263 885 276	1681 2379	INVH038.jpg
1	111 306 122 313	1681 2379	INVH038.jpg
Liverworts	172 305 247 313	1681 2379	INVH038.jpg
45.00	694 306 741 313	1681 2379	INVH038.jpg
45.00	882 305 929 313	1681 2379	INVH038.jpg
1	113 347 120 354	1681 2379	INVH038.jpg
Mosses	168 346 228 354	1681 2379	INVH038.jpg
30.00	695 346 739 354	1681 2379	INVH038.jpg
30.00	885 346 927 354	1681 2379	INVH038.jpg
1	110 387 121 395	1681 2379	INVH038.jpg
Ferns 	172 387 213 396	1681 2379	INVH038.jpg
and 	218 387 246 395	1681 2379	INVH038.jpg
horsetail	252 387 314 395	1681 2379	INVH038.jpg
12.00	695 387 739 395	1681 2379	INVH038.jpg
12.00	883 387 930 395	1681 2379	INVH038.jpg
INVOICE 	574 54 691 69	1681 2379	INVH038.jpg
NO	709 54 744 69	1681 2379	INVH038.jpg
. 	748 54 755 69	1681 2379	INVH038.jpg
MN	773 54 810 69	1681 2379	INVH038.jpg
-	815 54 831 69	1681 2379	INVH038.jpg
098	837 54 872 69	1681 2379	INVH038.jpg
SHIP 	353 147 406 160	1681 2379	INVH038.jpg
TO	419 147 452 160	1681 2379	INVH038.jpg
INVOICE 	597 147 697 160	1681 2379	INVH038.jpg
DATE	710 147 776 160	1681 2379	INVH038.jpg
26/12/2019	835 146 920 155	1681 2379	INVH038.jpg
189 	353 174 380 184	1681 2379	INVH038.jpg
Abbott 	386 174 434 184	1681 2379	INVH038.jpg
St	439 174 455 184	1681 2379	INVH038.jpg
, 	456 174 458 184	1681 2379	INVH038.jpg
Carins	464 174 512 184	1681 2379	INVH038.jpg
, 	513 174 515 184	1681 2379	INVH038.jpg
QLD	522 174 555 184	1681 2379	INVH038.jpg
290	350 191 383 199	1681 2379	INVH038.jpg
Terms 	71 900 143 915	1681 2379	INVH038.jpg
& 	160 900 171 915	1681 2379	INVH038.jpg
Conditions	186 900 305 915	1681 2379	INVH038.jpg
Payment 	73 930 138 941	1681 2379	INVH038.jpg
is 	143 930 154 941	1681 2379	INVH038.jpg
due 	160 930 186 941	1681 2379	INVH038.jpg
within 	192 930 234 941	1681 2379	INVH038.jpg
10 	240 930 258 941	1681 2379	INVH038.jpg
days	263 930 298 941	1681 2379	INVH038.jpg
Total	481 533 544 547	1681 2379	INVH038.jpg
Subtotal	678 445 742 453	1681 2379	INVH038.jpg
TAX 	665 478 697 487	1681 2379	INVH038.jpg
0.3	703 478 725 487	1681 2379	INVH038.jpg
%	726 478 740 487	1681 2379	INVH038.jpg
87.00	878 445 924 453	1681 2379	INVH038.jpg
$	806 532 818 549	1681 2379	INVH038.jpg
87.26	820 532 886 549	1681 2379	INVH038.jpg
0.26	888 478 925 486	1681 2379	INVH038.jpg

Invoice 	60 61 120 70	1681 2379	INVH049.jpg
Date	126 61 164 70	1681 2379	INVH049.jpg
13/10/2019	58 78 150 87	1681 2379	INVH049.jpg
FLORA'S 	607 47 701 67	1681 2379	INVH049.jpg
FLOWERS	711 47 820 67	1681 2379	INVH049.jpg
117 	505 82 533 92	1681 2379	INVH049.jpg
KNICKERBOCKER 	541 82 698 92	1681 2379	INVH049.jpg
AVENUE 	704 82 779 92	1681 2379	INVH049.jpg
WESTCHESTER	785 82 927 92	1681 2379	INVH049.jpg
NY 	674 101 700 110	1681 2379	INVH049.jpg
11107	704 101 756 110	1681 2379	INVH049.jpg
BILL 	57 262 89 273	1681 2379	INVH049.jpg
TO	89 262 108 273	1681 2379	INVH049.jpg
Michella 	59 282 126 292	1681 2379	INVH049.jpg
B. 	133 282 148 291	1681 2379	INVH049.jpg
Hernandez	156 282 245 291	1681 2379	INVH049.jpg
SHIP 	267 262 299 273	1681 2379	INVH049.jpg
TO	301 262 318 273	1681 2379	INVH049.jpg
YELLOWTAIL	268 282 384 291	1681 2379	INVH049.jpg
9603 	274 298 313 309	1681 2379	INVH049.jpg
Second 	320 298 381 309	1681 2379	INVH049.jpg
Ave. 	386 298 422 309	1681 2379	INVH049.jpg
Lewis	430 298 475 309	1681 2379	INVH049.jpg
Center	268 316 323 326	1681 2379	INVH049.jpg
. 	325 316 327 325	1681 2379	INVH049.jpg
OH 	333 316 360 325	1681 2379	INVH049.jpg
43035	366 316 417 325	1681 2379	INVH049.jpg
QTY	59 387 85 398	1681 2379	INVH049.jpg
DESCRIPTION	281 387 364 398	1681 2379	INVH049.jpg
UNIT 	648 386 679 398	1681 2379	INVH049.jpg
PRICE	682 386 719 397	1681 2379	INVH049.jpg
AMOUNT	883 387 941 398	1681 2379	INVH049.jpg
Flora'S 	149 408 204 420	1681 2379	INVH049.jpg
Special 	210 408 270 420	1681 2379	INVH049.jpg
Bouquet 	277 408 345 420	1681 2379	INVH049.jpg
Inclusive	350 408 421 420	1681 2379	INVH049.jpg
1	65 409 77 418	1681 2379	INVH049.jpg
25.90	668 408 720 418	1681 2379	INVH049.jpg
25.90	889 408 938 418	1681 2379	INVH049.jpg
1	65 431 76 440	1681 2379	INVH049.jpg
Flora'S 	149 431 204 443	1681 2379	INVH049.jpg
Roses 	211 431 262 443	1681 2379	INVH049.jpg
Bouquet 	269 431 337 443	1681 2379	INVH049.jpg
Inclusive	341 431 413 443	1681 2379	INVH049.jpg
26.25	669 431 718 440	1681 2379	INVH049.jpg
26.25	889 431 938 440	1681 2379	INVH049.jpg
Subtotal	645 467 718 477	1681 2379	INVH049.jpg
52.15	893 467 940 476	1681 2379	INVH049.jpg
TAX 	635 490 672 499	1681 2379	INVH049.jpg
3.1	676 490 701 499	1681 2379	INVH049.jpg
%	702 490 718 499	1681 2379	INVH049.jpg
1.62	901 490 942 498	1681 2379	INVH049.jpg
Total	674 512 717 522	1681 2379	INVH049.jpg
$	883 511 893 524	1681 2379	INVH049.jpg
53.77	893 511 940 524	1681 2379	INVH049.jpg
Payment 	60 857 107 864	1681 2379	INVH049.jpg
is 	110 857 117 864	1681 2379	INVH049.jpg
due 	121 857 141 864	1681 2379	INVH049.jpg
within 	144 857 173 864	1681 2379	INVH049.jpg
15 	179 857 190 864	1681 2379	INVH049.jpg
days	193 857 218 864	1681 2379	INVH049.jpg
123456789	860 948 942 959	1681 2379	INVH049.jpg

ZONE	193 113 276 128	1681 2379	INVH062.jpg
14 	192 143 211 154	1681 2379	INVH062.jpg
South 	217 143 259 154	1681 2379	INVH062.jpg
Bay 	265 143 294 154	1681 2379	INVH062.jpg
Centre 	298 143 348 154	1681 2379	INVH062.jpg
cross 	353 143 393 154	1681 2379	INVH062.jpg
Point 	399 143 437 154	1681 2379	INVH062.jpg
Nashville	441 143 508 154	1681 2379	INVH062.jpg
, 	511 143 512 154	1681 2379	INVH062.jpg
TN	519 143 540 154	1681 2379	INVH062.jpg
Bill 	191 223 218 232	1681 2379	INVH062.jpg
To	221 223 244 232	1681 2379	INVH062.jpg
Ship 	399 222 436 234	1681 2379	INVH062.jpg
To	441 222 463 234	1681 2379	INVH062.jpg
Invoice 	628 222 686 232	1681 2379	INVH062.jpg
#	689 222 701 232	1681 2379	INVH062.jpg
321	873 225 904 232	1681 2379	INVH062.jpg
Invoice 	628 246 685 255	1681 2379	INVH062.jpg
Date	691 246 729 255	1681 2379	INVH062.jpg
25/08/2019	819 247 904 256	1681 2379	INVH062.jpg
P.O.	627 269 663 279	1681 2379	INVH062.jpg
#	662 269 675 279	1681 2379	INVH062.jpg
32189	854 270 905 277	1681 2379	INVH062.jpg
Due 	625 292 665 302	1681 2379	INVH062.jpg
Date	665 292 706 302	1681 2379	INVH062.jpg
28/08/2019	818 293 903 302	1681 2379	INVH062.jpg
Ina 	193 248 216 255	1681 2379	INVH062.jpg
Moran	218 248 268 255	1681 2379	INVH062.jpg
P.O. 	400 247 433 257	1681 2379	INVH062.jpg
Box 	439 247 468 257	1681 2379	INVH062.jpg
929 	471 247 500 257	1681 2379	INVH062.jpg
4189 	504 247 541 257	1681 2379	INVH062.jpg
Nunc	547 247 585 257	1681 2379	INVH062.jpg
Road	397 263 440 271	1681 2379	INVH062.jpg
Lebanon 	399 278 465 287	1681 2379	INVH062.jpg
KY 	469 278 493 287	1681 2379	INVH062.jpg
69409	497 278 543 287	1681 2379	INVH062.jpg
Qty	198 333 230 345	1681 2379	INVH062.jpg
Description	371 333 464 345	1681 2379	INVH062.jpg
Unit 	651 333 688 343	1681 2379	INVH062.jpg
Price	690 333 731 343	1681 2379	INVH062.jpg
Amount	829 333 896 343	1681 2379	INVH062.jpg
1	218 361 230 369	1681 2379	INVH062.jpg
Sneakers 	276 359 346 369	1681 2379	INVH062.jpg
Black 	352 359 393 369	1681 2379	INVH062.jpg
/ 	396 359 403 369	1681 2379	INVH062.jpg
40	406 359 426 369	1681 2379	INVH062.jpg
59.99	691 360 736 369	1681 2379	INVH062.jpg
59.99	860 360 905 369	1681 2379	INVH062.jpg
2	218 381 231 389	1681 2379	INVH062.jpg
Neon 	274 381 315 390	1681 2379	INVH062.jpg
Green 	319 381 367 390	1681 2379	INVH062.jpg
Shirt 	372 381 405 390	1681 2379	INVH062.jpg
/ 	410 381 415 390	1681 2379	INVH062.jpg
S	421 381 430 390	1681 2379	INVH062.jpg
60.00	690 381 735 390	1681 2379	INVH062.jpg
120.00	850 381 904 389	1681 2379	INVH062.jpg
Subtotal	666 430 734 439	1681 2379	INVH062.jpg
179.99	850 431 905 439	1681 2379	INVH062.jpg
Tax 	661 451 693 460	1681 2379	INVH062.jpg
0.1	695 451 719 460	1681 2379	INVH062.jpg
%	719 451 734 460	1681 2379	INVH062.jpg
0.06	868 451 906 459	1681 2379	INVH062.jpg
Total	199 489 243 498	1681 2379	INVH062.jpg
$	827 489 838 501	1681 2379	INVH062.jpg
180.05	838 489 895 501	1681 2379	INVH062.jpg
Terms 	193 905 244 916	1681 2379	INVH062.jpg
& 	251 905 261 916	1681 2379	INVH062.jpg
Conditions	269 905 355 916	1681 2379	INVH062.jpg
Payment 	194 928 259 941	1681 2379	INVH062.jpg
is 	265 928 276 940	1681 2379	INVH062.jpg
due 	281 928 309 941	1681 2379	INVH062.jpg
within 	314 929 355 941	1681 2379	INVH062.jpg
15 	362 929 379 941	1681 2379	INVH062.jpg
days	385 929 419 941	1681 2379	INVH062.jpg

