Psyche 	154 37 332 72
Media 	350 37 517 71
Inc.	530 37 625 71
ΝΟ	64 147 120 165
. 	128 147 132 164
0123456	157 147 324 164
BILLED 	61 242 146 252
TO	156 242 182 252
MR	64 270 110 285
. 	115 270 119 284
JAMES 	139 270 251 284
HOLDEN	268 270 404 284
(	61 300 74 309
229	68 300 100 309
) 	98 300 107 309
467-2095	108 300 187 309
j.holden@mail.com	59 316 214 326
21 	60 332 86 342
Lexington 	86 332 164 341
Rd	171 332 193 341
, 	193 332 196 341
Warsaw	202 332 267 341
, 	265 332 269 341
NY	277 332 301 341
PAYMENT 	65 385 171 395
DETAILS	182 385 277 394
PSYCHE 	66 414 197 429
MEDIA 	215 414 321 428
INC	338 414 392 428
.	399 414 403 428
Account 	61 444 127 454
Name	130 444 177 453
: 	177 444 183 453
Psyche 	190 444 246 453
Media 	250 444 301 453
Inc.	306 444 335 453
Account 	60 460 130 469
Number	130 460 195 468
: 	193 460 198 468
139-4944-3	206 460 295 468
Bank	61 476 103 485
: 	100 476 108 484
Executive 	113 476 191 484
Bank	197 476 236 484
ISSUED 	65 529 146 539
ON	157 529 186 539
18 	62 548 90 557
SEPTEMBER 	99 548 235 557
2002	246 548 297 557
DESCRIPTION	61 601 201 609
RATE	390 601 445 609
HOUR	515 600 574 609
PRICE	641 601 704 609
Website 	60 645 137 657
design	142 645 200 657
$	386 645 401 654
20.00	397 645 452 654
100	513 646 549 654
$	641 646 653 654
2,000.00	649 646 730 654
Logo 	62 665 108 676
design	110 665 173 676
$	387 666 403 674
10.00	396 666 450 674
75	513 665 539 674
$	639 665 654 673
750.00	651 665 715 673
Branding	60 685 147 697
$	387 684 403 693
40.00	394 684 452 693
100	513 684 549 693
$	641 685 654 694
4,000.00	647 684 729 693
Marketing 	60 705 152 715
Collaterals	154 705 254 715
$	387 705 401 712
15.00	397 705 449 712
75	515 706 537 712
$	639 705 652 713
1,125.00	644 705 731 713
Event 	61 724 120 734
Mock	118 724 170 734
-	168 724 173 734
ups	173 724 207 734
$	387 723 403 732
15.00	399 723 453 732
75	513 723 537 731
$	641 724 653 732
1,125.00	648 724 730 732
Thank 	56 883 190 936
you	191 883 272 936
!	273 883 289 936
TOTAL 	442 772 508 781
AMOUNT	517 772 603 781
$	639 771 653 780
9,000	648 771 702 780
TAX 	498 793 540 804
(	545 793 554 804
10	554 793 579 804
%	579 793 594 804
)	595 793 603 804
$	641 792 654 799
900	648 792 686 799
AMOUNT 	465 813 552 821
DUE	562 813 602 821
$	639 812 654 821
9,900	648 811 704 820

THE 	211 59 336 96
FOURTH 	357 59 617 95
WAY	636 59 790 95
COMMERCIAL	328 117 510 130
EXPORTER	91 235 248 251
La 	90 268 117 282
Morte 	127 268 196 282
Company	207 268 301 282
1054 	88 290 144 300
Green 	156 290 221 300
Acres 	232 290 299 300
Road	312 290 362 300
Elizabeth 	89 311 207 325
City	222 311 273 325
, 	277 311 280 325
NC	301 311 326 325
CONSIGNEE	93 365 260 380
Morgan 	88 397 170 409
Meriones	180 397 285 409
1330 	89 418 144 429
Abner 	154 418 221 429
Road	232 418 285 429
Superior	90 439 197 454
, 	197 439 204 453
WI 	220 439 243 453
54880	259 439 323 453
INVOICE	537 117 661 129
WEIGHT	96 507 193 520
QTY	268 506 317 520
DESCRIPTION	389 507 549 520
PRICE	836 507 908 520
2Kg	96 574 134 585
01	265 573 292 583
Delphine 	389 570 499 585
Limited 	508 570 602 585
Bag	615 570 653 585
$	860 572 875 585
200	872 572 909 585
10Kg	96 612 147 624
10	265 612 292 622
Nibe 	390 611 444 622
Shoes	458 611 522 622
$	847 611 863 623
1500	856 611 910 623
5Kg	96 651 137 663
01	265 651 292 661
Porcelain	389 650 508 661
$	861 650 875 663
200	872 650 909 663
TOTAL 	104 725 177 737
AMOUNT	187 725 288 737
$	833 724 850 737
1900	848 724 913 737
INVOICE 	761 238 880 254
#	887 238 906 254
9000-100	801 270 906 282
DATE	827 403 908 419
01/01/18	799 436 906 447
Accdg	102 811 170 825
. 	172 811 177 825
to 	190 811 221 825
Wikipedia	231 811 351 825
, 	355 811 360 825
It 	380 811 404 825
is 	419 811 443 825
used 	455 811 507 825
as 	521 811 546 825
a 	560 811 571 825
customs 	585 811 675 825
declaration	690 811 832 825
provided 	103 831 209 846
by 	220 831 248 846
the 	261 831 299 846
person 	313 831 390 846
or 	403 831 429 846
corporation 	443 831 584 846
that 	599 831 649 846
is 	666 831 690 846
exporting 	702 831 819 846
an	832 831 857 846
item 	105 853 156 864
across 	170 853 246 864
international 	263 853 425 864
borders	440 853 532 864
.	539 853 544 864
Signature 	113 943 219 956
of 	230 943 255 955
Authorized 	265 943 381 955
Person	392 943 460 955
Date	793 945 843 954

RED 	122 122 261 165
BOXX	279 122 499 164
DIGITAL 	123 186 235 200
DESIGN 	246 186 352 199
AGENCY	363 186 479 199
INVOICE 	688 124 790 136
NO	799 124 833 136
. 	838 124 842 136
01	850 124 874 136
45 	642 144 672 156
W. 	681 144 709 156
LINCOLN 	721 144 823 156
ST	836 144 863 156
.	862 144 867 156
MORGANTON	664 162 826 178
, 	828 162 832 177
NC	843 162 875 177
MR	115 308 177 327
. 	177 308 185 327
FRANCO 	200 308 350 327
SMITH	365 308 476 327
993 	118 348 159 359
Pawnee 	167 348 254 359
Ave.	258 348 308 359
New 	117 366 171 380
Port 	177 366 226 380
Richey	231 366 307 380
,	307 366 312 380
FL 	119 385 146 396
34653	149 385 216 396
DESCRIPTION	113 461 311 478
QTY	438 461 510 480
PRICE	602 463 688 477
TOTAL	770 463 867 478
LOGO 	125 541 183 550
DESIGN	193 541 275 550
01	458 542 483 551
500.00	603 542 680 550
500.00	794 542 872 550
FLYER 	127 569 191 579
DESIGN	201 569 283 578
01	458 571 484 580
160.99	605 570 678 580
160.99	801 570 874 579
WEB 	123 598 172 609
DESIGN	182 598 263 608
01	458 601 484 610
150.00	604 599 678 609
150.00	798 600 874 609
TOTAL	584 699 673 709
:	671 699 682 709
810.99	780 698 874 709
JEROME 	120 832 224 844
MATTHEWS	235 832 376 844
1011 	119 849 167 861
9341 	177 849 230 861
9831	244 849 295 861
WWW.REDBOXX.COM	118 865 387 878

P	64 806 83 821
/	83 806 96 821
K	98 806 120 821
782 	40 871 93 882
W 	74 871 98 882
Hillside 	99 871 164 882
Ave.	163 871 206 882
Ontario	42 886 108 898
, 	107 886 110 897
CA 	115 886 141 897
88212	144 886 197 897
782 	41 919 86 929
289 	78 919 110 928
2773	114 919 156 928
hello@peachkitchen.co	42 934 229 947
www.peachkitchen.co	40 951 219 963
Peach 	351 81 535 117
Kitchen	554 81 794 117
No. 	347 139 381 152
8834	387 139 445 152
-	444 139 453 152
B1 	453 139 479 152
Date	505 139 555 152
: 	555 139 560 152
01 	565 139 594 152
08 	599 139 627 152
20	633 139 661 152
Billed 	369 249 418 260
to 	421 249 439 260
MAXWELL 	454 249 575 260
JAMES 	584 249 659 260
HOLMES	668 249 767 260
784 	452 273 489 284
Newport 	491 273 564 284
St. 	565 273 589 284
Randolph	591 273 666 284
, 	670 273 672 284
MA 	677 273 707 284
02368	710 273 761 284
+90 	453 287 488 298
884 	489 287 525 298
834 	527 287 560 298
56m_holmes@email.co	561 287 759 298
DESCRIPTION	353 394 512 405
QTY	675 395 725 406
PRICE	831 395 903 404
Appetizer	348 450 442 462
El 	350 465 367 476
Pequinio 	367 465 435 476
& 	435 465 450 476
Street 	452 465 497 476
Tacos	499 465 542 476
Good 	675 452 717 460
for 	719 452 743 460
50	743 452 765 460
$	831 450 846 460
250.00	838 450 895 460
Entree	350 505 413 515
Good 	676 508 717 515
for 	720 508 741 515
30	746 508 764 515
$	831 507 846 517
200.00	838 507 895 517
Smothered 	351 521 431 531
Chicken 	431 521 493 530
Tenders	494 521 554 530
Dessert	347 563 421 574
Doris 	348 579 401 589
Viennese 	390 579 459 588
Table 	463 579 502 588
& 	507 579 518 588
Tiramisu	521 579 583 588
Good 	673 565 716 575
for 	716 565 740 574
20	740 565 761 574
$	828 565 843 575
150.00	835 564 894 574
Side 	350 623 396 632
Orders	392 623 458 632
Good 	673 626 716 634
for 	719 626 741 634
50	743 626 763 634
$	829 624 843 633
250.00	836 623 891 632
El 	348 639 367 649
Pequinio 	369 639 434 649
& 	435 639 449 649
Street 	448 639 496 649
Tacos	498 639 544 649
SUBTOTAL	677 718 772 726
$	827 716 842 726
750.00	838 716 894 726
DEPOSIT	676 748 753 755
$	827 747 841 756
250.00	837 747 894 756
TOTAL	675 777 732 784
$	828 776 843 785
500.00	837 775 891 784
Please 	351 918 409 928
make 	401 918 445 928
payment 	447 918 510 928
to	510 918 527 928
PEACH 	355 936 414 945
KITCHEN 	418 936 496 945
CATERING	501 936 589 945
Thanks	809 937 942 954
!	942 937 950 954
6734 	351 951 399 959
8834 	400 951 443 959
9923 	445 951 488 959
99832	492 951 546 959

D'CANOPY	248 94 749 170
CLOTHING 	351 205 488 220
COMPANY	505 205 638 219
ISSUED 	124 300 200 310
TO	211 300 238 309
INVOICE 	406 300 499 310
NO	510 300 539 309
.	544 300 547 309
Norma 	117 327 178 341
R. 	183 327 201 341
Dunlap	206 327 268 341
2019-2201	403 327 494 337
DATE 	682 300 736 310
ISSUED	748 300 823 309
02/07/2018	677 326 790 339
DESCRIPTION	118 424 236 432
QTY	510 422 550 431
PRICE	641 423 693 431
TOTAL	807 423 867 431
Off	115 465 171 475
the	142 465 188 475
-	146 465 153 475
-	177 465 185 475
shoulder 	182 465 250 475
blouse	255 465 307 475
1	527 469 536 475
$	648 468 666 476
120	657 468 688 476
$	827 465 846 476
120	833 464 869 475
Long 	115 514 157 528
sleeve 	158 514 211 527
bloue	214 514 256 527
1	527 517 536 524
$	649 515 666 524
160	658 515 690 524
$	827 514 843 524
160	837 514 869 524
Ruffle 	115 564 172 574
blouse	168 564 221 574
1	528 566 535 573
$	646 564 662 573
200	656 564 692 573
$	824 565 840 573
200	835 565 869 573
Fine	115 611 164 624
-	149 611 158 623
knit 	156 611 191 623
cardigan	191 611 263 623
1	528 614 537 620
$	654 613 667 621
90	663 613 686 621
$	836 612 850 621
90	847 612 870 621
ACCOUNT 	120 820 229 829
NAME	240 820 299 829
Mark 	118 846 164 857
Darwin	168 846 229 856
ACCOUNT 	122 880 230 890
NAME	240 880 299 889
5319 	122 908 159 918
9046 	166 908 209 917
6550 	216 908 258 917
1670	265 908 302 917
TOTAL 	589 682 642 691
AMOUNT	648 682 722 691
$	826 682 843 691
570	838 682 875 691
TAX	688 715 724 724
6	848 715 863 724
%	856 714 874 723
AMOUNT 	600 743 682 752
DUE	688 743 724 752
$	823 742 841 753
604	833 742 876 753

BK	66 50 163 80
KP	70 94 158 122
THE 	123 200 175 213
BOOK 	192 200 272 212
KEEPER	288 200 390 212
1382 	120 232 173 243
Kane 	180 232 234 243
Park 	245 232 292 243
Avenue	298 232 381 243
Gotham	120 251 207 263
, 	209 251 214 263
NJ 	224 251 249 263
05421	260 251 321 263
BILL 	120 342 183 356
TO	198 342 238 355
Victor 	120 372 190 383
M. 	197 372 221 383
Fries	232 372 283 383
092 	122 391 170 406
Allen 	168 391 227 405
St. 	234 391 261 405
Central 	273 391 353 405
City	362 391 406 405
.	404 391 410 405
MI 	120 413 147 423
02982	156 413 224 423
INV	799 48 848 62
# 	851 48 866 62
001	882 48 928 62
DESCRIPTION	117 506 309 520
QTY	434 506 494 520
PRICE	598 507 678 519
TOTAL	765 506 862 520
THE 	117 558 164 569
ARTIC 	173 558 246 569
NOVEL	261 558 341 569
01	449 560 477 568
$	607 557 627 569
250	622 557 671 569
$	785 557 802 569
250	802 557 847 569
BLUE'S 	117 590 205 601
CLUES 	217 590 295 600
VOL.1	308 590 375 600
01	449 592 478 600
$	614 588 633 601
30	632 588 662 601
$	792 588 811 601
30	808 588 840 601
TOTAL	680 694 761 705
$	794 693 812 705
280	809 693 856 705
TAX	712 715 763 725
12	802 714 842 725
%	827 714 847 724
AMOUNT	654 750 761 763
$	794 751 813 763
313	813 751 856 763
WWW.BΟΟΚΚΕΕΡERCORP.COM	313 936 682 947

Item	143 338 198 350
Qty	467 339 520 353
Price	593 338 659 349
Total	775 336 838 350
Truck 	139 397 202 412
for 	204 397 232 412
Shipments	235 397 338 412
2	484 399 503 409
$	588 397 604 409
100.00	599 397 666 409
$	760 398 777 410
200.00	770 398 840 410
Container 	142 430 241 445
for 	243 430 270 444
International	275 430 400 444
2	484 434 503 444
$	588 432 603 444
200.00	599 432 664 444
$	761 431 778 444
400.00	770 431 840 444
Shipment	141 450 244 468
Paper 	142 484 216 500
Collection	205 484 301 499
1	487 487 502 496
$	591 485 608 497
10.00	603 485 661 497
$	765 485 783 497
10.00	775 484 835 496
Transportation	139 519 292 536
1	486 522 501 532
$	591 520 608 532
20.00	603 520 661 532
$	765 520 784 532
20.00	774 519 835 531
THE 	206 73 350 112
BUSINESS	381 73 773 112
CORPORATION	200 129 797 170
Invoice 	423 257 512 271
No.	520 257 564 271
TBC	396 278 447 292
-	447 278 455 291
412-58199	454 278 589 291
SOLD 	144 726 216 739
TO	222 726 260 739
John 	143 749 197 763
O. 	196 749 216 762
Kendricks	221 749 316 762
+12 	141 771 195 782
412 	181 771 222 782
8490	222 771 268 782
johnkendricks@mail.com	138 789 389 806
SUB 	600 594 639 603
TOTAL	642 594 702 603
$	761 591 780 603
630.00	773 591 843 603
ARRANGEMENT 	522 619 666 629
FEE	671 619 701 628
$	774 617 792 629
20.00	783 616 842 628
GRAND 	574 644 638 654
TOTAL	643 644 702 653
$	763 642 780 654
650.00	773 641 842 653
THEBUSINESSCORPO.COM	193 903 803 926

GREEN	85 62 377 103
THUMBS	94 125 450 168
CACTUS 	95 194 221 210
PLANTS 	235 194 357 210
SHOP	371 194 454 210
MRS	95 313 162 328
. 	164 313 171 328
SUZANNE 	183 313 324 328
BOWERS	333 313 458 328
7004 	96 339 156 349
BISHOP 	166 339 253 349
STREET	264 339 352 349
BATAVIA	98 355 202 368
, 	204 355 209 367
OH 	221 355 253 367
45103	263 355 333 367
QTY	107 443 168 457
PRICE	253 445 331 455
DESCRIPTION	415 443 595 456
TOTAL	804 444 892 456
02	108 520 142 529
8.00	251 519 308 528
BURRO'S 	419 516 521 529
TAIL	531 516 586 528
16.00	823 517 895 528
01	108 555 141 566
7.99	251 554 311 565
JADE 	419 553 479 566
PLANT	489 553 570 565
7.99	836 553 895 565
01	108 593 139 602
12.00	251 590 322 601
PONYTAIL 	420 590 541 602
PALM	551 590 618 601
12.00	823 590 895 601
TOTAL	663 689 750 702
:	748 689 759 702
35.99	818 691 890 702
INVOICE 	715 314 838 329
NO	847 314 891 329
20172003	740 337 891 351
GREENTHUMBS.COM	100 937 319 946
7957 	109 959 162 968
FOSTER 	175 959 254 968
DRIVE 	264 959 327 968
ROWLETT	338 959 438 968
, 	442 959 444 968
TX	455 959 482 968

INVOICE 	105 261 239 276
# 	253 261 269 276
005	280 261 332 276
Issued 	103 290 164 306
on 	170 290 192 305
January 	200 290 274 305
10	282 290 301 305
, 	301 290 307 305
2025	312 290 363 305
DESCRIPTION	100 487 234 496
QTY	467 486 512 495
PRICE	619 486 678 495
TOTAL	769 487 838 495
Hooded 	100 526 176 541
Running 	182 526 256 540
Jacket	264 526 326 540
1	471 529 479 538
$	618 528 637 539
230	630 528 673 539
$	769 528 787 538
230	783 528 823 538
Leather 	100 552 176 563
Coat	180 552 229 563
1	469 556 478 564
$	619 554 636 564
250	630 553 672 563
$	770 553 787 564
250	782 552 823 563
Raw 	100 577 143 592
Edge 	146 577 197 591
T	202 577 217 591
-	214 577 221 591
Shirt	222 577 272 591
1	469 581 479 591
$	619 580 636 590
80	630 580 659 590
$	769 578 789 590
80	778 577 809 589
Skinny 	102 604 164 618
Low 	170 604 206 617
Jeans	212 604 264 617
3	469 607 483 617
$	618 606 634 617
150	629 605 664 616
$	769 605 787 616
450	778 604 823 615
MONOLITH 	520 348 696 363
FASHION	707 348 850 362
Account 	516 377 600 388
Name	604 377 656 387
: 	657 377 662 387
Monolith 	671 377 754 387
Fashion 	761 377 833 387
Inc.	841 377 874 387
Account 	516 394 598 406
No	605 394 628 405
.: 	629 394 642 405
250 	649 394 687 405
9717 	695 394 734 405
1224 	740 394 788 405
2302	795 394 843 405
MONOLITH 	98 845 273 859
FASHION	285 845 426 858
(	94 873 105 886
925	103 873 142 886
) 	139 873 148 886
447-5308	156 873 250 886
www.monolithfashion.com	94 890 347 902
4075 	94 909 147 921
Fordham 	154 909 234 921
Ct	241 909 265 921
, 	267 909 272 921
Livermore	279 909 369 921
, 	372 909 376 921
CA	382 909 411 921
TOTAL 	465 657 534 666
AMOUNT	540 657 629 666
:	630 657 638 666
$	769 654 785 666
1,010	783 654 831 666
TAX	467 683 510 691
:	503 683 517 691
$	770 680 785 691
30	785 680 809 691
AMOUNT 	465 707 557 718
DUE	564 707 602 717
:	603 707 608 717
$	769 706 787 718
1,040	780 706 838 718

JAMES 	99 312 151 327
BROWNE	157 312 226 327
(	94 335 109 356
123	98 335 136 356
) 	133 335 144 356
456 	146 335 181 356
7890	182 335 225 356
Description	94 422 225 436
Unit 	491 422 542 433
x 	542 422 560 432
Price	561 422 615 432
Amount 	704 423 795 434
Due	801 423 842 434
Logo	95 478 146 492
1 	493 478 503 489
x 	505 478 521 489
$	516 478 531 489
100	530 478 566 489
$	705 478 722 489
100.00	715 478 780 489
Packaging	95 498 192 511
1 	494 497 502 508
x 	506 497 520 508
$	520 497 531 508
120	532 497 564 508
$	705 497 721 508
120.00	715 497 778 508
Typography	95 517 206 530
x 	503 516 522 527
$	517 516 531 527
150	530 516 562 527
1	494 517 503 528
$	705 517 722 528
150.00	714 516 777 527
Total 	491 703 549 715
Amount	550 703 642 715
$	705 704 721 715
370.00	716 704 779 715
RELINE 	345 75 540 102
SOPHIA	562 75 774 101
Invoice 	439 211 525 225
Number 	532 211 632 225
222	639 211 681 225
Invoice 	396 235 486 252
Date 	491 235 547 252
August 	555 235 639 252
7	647 235 661 252
, 	663 235 667 252
2020	672 235 734 252
123 	297 969 322 981
Anywhere 	321 969 397 980
Street	400 969 442 980
. 	443 969 445 980
Any 	448 969 478 980
City 	481 969 508 980
| 	506 969 513 980
hello@reallgreatsite.com	521 969 696 980

INVOICE	36 138 182 155
1000-001	31 168 120 178
DUFFY	225 11 492 56
MEN 	234 86 299 102
CLOTHING	313 86 477 101
NO	54 229 86 240
.	84 229 91 240
ITEM 	171 229 211 240
DESCRIPTON	219 229 332 240
QTY	496 230 539 240
PRICE	600 230 657 240
01	54 319 78 330
Wide 	166 320 221 330
Cut 	217 320 249 330
Sweatshirt	251 320 341 330
01	520 319 541 329
$	590 321 604 330
100.00	599 320 654 329
02	54 352 80 361
Hooded 	164 350 236 365
Running 	235 350 304 364
Jacket	309 350 363 364
02	515 353 541 361
$	590 353 604 362
120.00	599 353 654 362
ISSUED 	59 646 133 658
TO	139 646 168 658
:	170 646 177 658
MARK 	55 667 125 680
SISON	130 667 198 679
(	54 704 66 716
813	57 704 89 716
) 	83 704 91 716
956-3510	98 704 175 716
602 	55 723 94 731
COLLINS 	94 723 171 731
STREET	176 723 239 731
TAMPA	56 740 120 751
, 	119 740 124 750
FL 	130 740 149 750
33619	154 740 200 750
SUB 	454 486 491 495
TOTAL	492 486 552 495
$	613 486 627 494
220	622 486 656 494
TAX	513 519 550 528
0.6	613 519 643 528
%	638 519 656 528
TOTAL	489 551 551 560
$	604 551 623 561
246	613 551 657 561
D	832 60 882 89
(	785 916 801 927
972	793 916 836 927
) 	826 916 836 927
815-9250	840 916 926 927
054 	774 934 817 944
ASH 	819 934 861 944
STREET	869 934 938 944
DALLAS	768 951 845 964
, 	845 951 850 963
TX 	857 951 884 963
75207	889 951 944 963

Skies	187 119 552 186
JEWELRY 	192 211 335 225
& 	351 211 365 224
ACCESSORIES	382 211 591 224
Invoice 	721 159 797 170
No. 	806 159 840 170
00189	847 159 906 170
July 	775 178 818 188
12	823 178 846 188
, 	847 178 851 188
2018	861 178 906 188
Auberndale	746 195 869 206
. 	870 195 874 206
FL	884 195 906 206
www.skies.com	746 213 906 223
ITEM 	94 376 156 388
DESCRIPTION	171 376 352 387
QTY	522 376 578 388
1	522 470 534 476
PRICE	753 377 833 387
Rose 	90 413 143 423
Quartz 	147 413 217 423
Ring	226 413 269 423
1	522 424 535 430
$	748 421 767 433
55.22	761 421 821 433
Delicate 	91 434 180 444
Gold 	186 434 232 444
Cross 	241 434 298 444
Choker	306 434 377 444
1	523 447 534 453
$	748 442 768 455
29.63	758 441 821 454
Silver 	91 456 153 470
Stud 	158 456 206 469
Earrings	214 456 297 469
$	748 465 765 477
37.64	763 465 821 477
NOTES	91 554 181 565
SUBTOTAL	526 550 667 562
$	799 550 821 564
122.49	814 549 908 565
TAX	522 591 575 603
$	809 591 831 605
25.00	826 591 905 605
TOTAL	523 634 610 646
$	799 632 819 646
147.49	813 631 909 647
Request 	91 598 177 611
for 	182 598 212 611
the 	219 598 254 611
products	261 598 353 611
listed 	91 619 151 633
above 	156 619 219 632
to 	226 619 248 632
be 	255 619 279 632
gift	287 619 322 632
wrapped 	88 641 181 655
and 	187 641 225 654
shipped	232 641 313 654
.	316 641 319 654
2F 	90 810 120 823
Emerald 	127 810 217 823
Building	227 810 319 823
,	321 810 327 823
208 	90 829 133 841
Manhattan 	139 829 261 840
St.	270 829 298 840
Auburndale	86 850 222 862
, 	224 850 227 862
FL 	239 850 264 862
33823	272 850 340 862
972-331-6055	93 889 254 901
Thank 	493 810 768 898
you	759 813 929 899

DESIGNUS 	151 81 445 113
TEXTILE 	468 81 705 112
INC	729 81 824 112
.	831 81 837 112
ITEM 	95 398 141 408
DESCRIPTION	148 398 269 408
Textile 	89 436 167 449
Design	149 436 215 449
Pattern 	94 474 163 486
Design	161 474 219 486
Textile 	93 512 164 526
Design	153 512 214 526
Pattern 	94 551 161 563
Design	161 551 220 563
UNIT 	423 397 472 407
PRICE	474 397 528 406
2200 	428 435 474 446
USD	474 435 510 445
795 	438 473 472 483
USD	472 473 510 483
2200 	433 512 476 521
USD	479 512 512 520
795 	439 551 473 560
USD	474 551 511 560
QUANTITY	613 397 714 410
1	657 438 671 446
1	662 476 673 483
1	661 515 673 522
1	661 552 675 561
TOTAL	686 586 745 596
TOTAL	804 398 869 408
2200 	793 436 836 445
USD	838 436 874 444
795 	801 474 835 482
USD	836 474 870 482
2200 	795 513 840 521
USD	841 513 876 521
795 	803 552 837 560
USD	837 552 872 560
5990 	795 586 840 594
USD	840 586 876 594
DATE 	98 721 142 731
ISSUED	146 721 202 731
:	202 721 207 731
DECEMBER 	254 721 343 731
2,2019	347 721 399 731
INVOICE 	100 738 162 747
NUMBER	167 738 238 747
:	238 738 240 747
12345	256 738 302 747
117 	608 701 646 714
Knickerbocker 	652 701 811 714
Avenue	814 701 899 714
Westchester	627 723 774 739
, 	775 723 779 738
NY 	787 723 818 738
11107	821 723 877 738
designustextileinc.com	623 747 886 764

ZONE	91 150 440 211
streetwear 	91 227 239 242
and 	251 227 297 241
athletics	308 227 425 241
Invoice 	746 143 822 153
No. 	826 143 858 153
321	867 143 903 153
August 	738 161 813 171
25	814 161 841 171
, 	843 161 847 171
2019	855 161 903 171
Southville	760 178 863 191
, 	865 178 869 191
TN	875 178 903 191
www.zone.com	756 200 903 207
ITEM 	93 341 156 355
DESCRIPTION	168 341 351 354
QTY	518 342 578 357
PRICE	821 342 901 354
Sneakers 	90 387 180 398
Black 	187 387 240 398
/ 	243 387 255 398
40	260 387 287 398
1	522 390 535 397
$	833 387 851 398
59.99	847 387 905 398
Neon 	89 410 141 421
Green 	146 410 206 420
Shirt 	215 410 263 420
/	268 410 279 420
S	284 410 294 420
2	521 412 537 421
&	832 411 852 420
60.00	845 410 903 419
NOTES	86 518 180 530
SUBTOTAL	523 516 663 528
$	795 516 812 528
119.99	811 515 903 527
SHIPPING	521 557 651 569
$	809 556 828 569
20.00	824 555 903 569
TOTAL	522 599 609 611
$	794 599 812 612
139.99	811 598 903 611
Request 	88 565 177 576
for 	170 565 205 576
the 	214 565 245 576
products	253 565 338 576
listed 	89 581 146 593
above 	153 581 212 593
to 	219 581 239 593
be 	245 581 268 593
gift	275 581 311 593
wrapped 	86 598 175 610
and 	180 598 215 609
shipped	221 598 299 609
.	299 598 304 609
14 	91 742 125 756
South 	130 742 195 756
Bay	202 742 244 756
Centre 	91 762 171 773
cross 	178 762 236 772
Point	245 762 304 772
Nashville	91 781 198 796
, 	201 781 204 795
TN	214 781 243 795
092298-871	93 802 269 812
THANK	596 745 885 785
YOU	721 803 906 847

Chill 	18 28 550 211
Wave	453 23 986 205
CHILL 	113 265 201 280
WAVE 	204 265 298 279
SURF 	308 265 385 279
SHOP	392 265 474 279
DATE 	114 299 159 309
ISSUED	163 299 225 308
: 	225 299 229 308
DECEMBER 	236 299 329 308
2	335 299 346 308
, 	346 299 350 308
2019	356 299 394 308
INVOICE 	115 320 187 331
NUMBER	192 320 261 330
: 	261 320 264 330
12345	273 320 322 330
DESCRIPTION	112 406 244 416
RATE	447 406 498 417
HOURS	618 406 690 416
SUBTOTAL	775 407 875 416
Textile 	109 455 176 468
Design	172 455 236 468
2200 	445 455 496 464
USD	498 455 535 463
1	620 456 627 464
2200 	773 455 821 464
USD	823 455 863 464
Pattern 	109 482 186 494
Design	178 482 241 494
795 	444 481 481 491
USD	484 481 522 491
1	618 481 628 491
795 	773 482 808 490
USD	812 482 851 490
BANK 	115 629 172 639
INFO	178 629 221 639
DUE 	448 629 491 640
BY	497 629 523 640
TOTAL 	707 629 772 640
DUE	775 629 817 640
Account 	113 676 181 687
no	185 676 204 686
: 	204 676 209 686
139-4944-3	214 676 304 686
United 	112 697 167 707
Bank	170 697 209 707
18 	442 677 468 688
May 	467 677 507 688
2019	510 677 554 688
2995 	706 678 755 688
USD	758 678 797 688
117 	112 808 136 817
KNICKERBOCKER 	142 808 277 817
AVENUE	283 808 350 817
WESTCHETER	109 828 222 837
, 	224 828 227 837
NY 	235 828 254 837
11107	261 828 299 837
ROGUETEXTILEINC.COM	113 846 313 857
cw	738 796 891 844

Beast 	85 85 285 137
Printing	306 85 552 138
INVOICE 	104 200 221 213
#	230 200 249 212
A5-098	250 200 352 212
ITEM 	104 305 151 315
DESCRIPTION	158 305 294 315
B	748 105 833 158
QTY	564 304 612 316
PRICE	692 305 754 315
TOTAL	818 305 885 315
Web 	98 382 148 396
Design 	149 382 214 396
(	215 382 225 396
per 	224 382 255 396
page	259 382 304 396
)	304 382 311 396
5	581 383 596 392
$ 	685 381 702 393
25.00	702 381 758 393
$	812 382 829 394
125.00	828 382 891 394
Brand 	100 417 158 429
Bible	159 417 212 428
1	584 418 591 428
$ 	685 416 702 428
30.00	701 415 758 427
$ 	816 417 832 429
30.00	831 416 886 428
Logo 	99 453 148 468
Studies	149 453 224 467
3	581 455 596 464
$ 	685 452 702 463
30.00	701 451 758 463
$ 	814 452 832 464
90.00	831 451 887 463
SUB 	547 564 585 574
TOTAL	594 564 657 574
$	812 562 829 574
245.00	823 561 889 573
TAX 	545 581 586 593
(	589 581 598 593
15	599 581 617 593
%	618 581 636 593
)	637 581 642 593
$	814 580 831 592
149.25	831 580 890 592
GRAND 	545 598 619 609
TOTAL	624 598 690 609
$ 	813 598 829 609
394.25	831 597 890 609
Thank 	603 796 779 852
You	778 796 906 852
Letterpress 	123 917 226 932
Designs 	227 917 301 931
(	316 917 322 931
04	321 917 345 931
) 	346 917 351 931
298 	355 917 389 931
1092 	394 917 435 931
4095	439 917 486 931
+	498 917 510 931
76 	508 917 531 931
209 	535 917 570 931
2872 	575 917 619 931
0192. 	623 917 677 931
letterpress@info.com	681 917 872 931

NATHANIEL	219 18 697 52
MCKENZIE	215 76 647 110
1681 	212 122 259 132
CHRISTIE 	269 122 374 131
WAY	384 122 434 131
LOWELL	214 137 301 148
, 	303 137 307 147
MASSACHUSETS	318 137 494 147
Client 	250 221 348 237
Information	360 221 541 237
:	544 221 552 237
Samantha 	254 263 377 277
Griffin	390 263 476 276
Invoice 	722 136 787 147
No. 	792 136 821 146
MN	828 136 857 146
-	858 136 863 146
098	866 136 897 146
18-01-2001	793 152 899 160
ITEM 	267 381 324 393
DESCRIPTION	337 381 507 393
QTY	607 382 661 394
PRICE	842 382 918 393
Liverworts	263 434 358 443
01	603 435 625 443
$	853 435 869 445
45.00	861 434 918 444
Mosses	261 455 328 463
03	604 455 628 463
$	853 456 869 465
30.00	863 455 916 464
Ferns 	264 474 312 484
and 	317 474 348 483
horsetail	355 474 434 483
01	603 476 627 483
$	853 477 869 487
12.00	862 476 918 486
PAYMENT 	256 649 377 662
METHOD	386 649 491 662
SUBTOTAL	615 649 748 661
$	836 652 850 662
87.99	850 651 916 661
SHIPPING	617 670 738 682
$	836 671 851 682
20.00	851 671 918 682
TOTAL	615 691 696 702
$	836 691 851 701
97.99	852 691 919 701
Cash 	251 675 297 686
on 	302 675 324 686
delivery	328 675 401 686
THANK	725 844 934 870
YOU	775 882 909 912
!	909 882 929 912

* 	83 64 182 126
Ignite	197 63 338 125
Ignite 	107 167 151 178
Creative 	151 167 216 178
Studio	215 167 263 178
3556 	105 182 143 193
Dale 	143 182 178 193
Avenue	178 182 236 193
, 	235 182 239 193
Seattle	243 182 289 193
michelle@ignitestudio.com	105 197 303 209
www.ignitestudio.com	104 213 267 225
Billed 	435 167 503 180
to	503 167 526 179
Hans 	435 192 501 210
Casper	505 192 594 210
Chief 	439 217 511 232
Executive 	507 217 619 231
Officer	624 217 709 231
Digital 	434 253 520 273
Island	521 253 591 272
1943 	439 279 489 295
Cardiff	497 279 580 294
, 	578 279 581 294
Wales	590 279 657 294
hans@digitalisland.com	438 302 710 323
www.digitalisland.com	435 329 697 347
Description	81 430 207 448
Rate	437 433 492 445
Hours	593 431 664 445
Amount	750 431 842 445
Brand 	84 501 162 516
Consultation	163 501 318 515
$	435 500 455 517
300.00	452 500 539 517
3	596 504 614 515
$	754 500 772 517
900.00	769 500 856 517
Service 	88 539 175 557
Catalog 	177 539 269 557
Shoot	274 539 342 557
$	438 536 455 552
500.00	452 536 537 552
3	594 541 615 552
$	753 536 772 553
1,500.00	768 536 870 553
Collateral 	85 569 201 585
Materials	206 569 316 584
$	435 569 455 586
250.00	449 569 536 586
6	595 573 615 584
$	754 569 772 585
1,500.00	768 569 871 585
Total	595 715 657 729
$	753 712 772 731
3,900.00	769 712 879 731
Payment 	80 838 177 859
Method	175 838 261 858
Paypal	80 866 167 884
payments@ignitestudio.com	217 865 545 886
Card	83 890 146 903
Visa	216 889 269 909
, 	265 889 270 908
Mastercard	275 889 408 908
, 	408 889 411 908
Payoneer	420 889 526 908
www.ignitestudio.com	716 940 919 954

INVOICE 	89 201 181 211
#	185 201 201 211
76-29782	84 221 204 233
ITEM 	86 330 139 341
DESCRIPTION	147 330 290 341
OTY	483 329 535 341
PRICE	652 330 716 341
TOTAL	821 331 895 341
5	81 406 108 424
-	98 406 112 424
day 	105 406 152 424
vegan 	152 406 222 424
lunch 	222 406 279 424
sets	287 406 326 424
01	494 407 522 419
$ 	641 407 661 421
30.00	664 407 725 421
$ 	816 407 835 420
30.00	840 407 899 420
Sinful 	83 537 144 554
Brownies 	149 537 244 554
(	246 537 255 554
1 	258 537 264 554
dozen	270 537 335 554
)	333 537 342 554
01	496 539 522 550
$ 	642 538 662 551
12.00	666 538 722 551
$ 	819 538 836 550
12.00	841 538 897 550
Sub 	85 694 128 707
Total	132 694 191 706
$ 	814 694 833 706
42.00	835 694 904 706
Delivery 	81 716 178 731
Fee	182 716 225 731
$ 	817 715 838 728
10.00	840 715 897 728
Grand 	84 736 157 749
Total	159 736 217 748
$ 	814 737 833 749
52.00	838 737 901 749
STACEY'S	458 59 923 112
MEAL 	618 136 688 150
DELIVERY 	697 136 813 150
SERVICE	821 136 925 150
216 	653 199 691 214
Old 	693 199 732 214
Crow 	739 199 795 214
Rd	803 199 827 214
, 	829 199 833 214
Beaver	841 199 911 214
,	914 199 918 214
WV	814 221 852 234
, 	851 221 858 234
25813	863 221 924 234
PAYABLE 	89 880 185 891
TO	192 880 221 890
Josephine 	86 899 188 916
Williams	192 899 279 915
151 	85 921 117 935
Double 	122 921 196 935
Branch 	202 921 274 935
Rd	282 921 306 935
,	308 921 312 935
Seneca	89 943 166 958
, 	164 943 171 957
SC	178 943 207 957
, 	210 943 215 957
29678	222 943 284 957
BANK 	370 879 430 891
DETAILS	435 879 525 890
Josephine 	365 899 472 917
Williams	473 899 560 916
Acct 	367 921 418 934
No	423 921 452 933
:	447 921 457 933
778 	367 943 409 956
202 	414 943 455 956
1111	463 943 491 956
DELIVERY 	662 879 769 891
ADDRESS	775 879 875 890
Josephine 	661 899 767 916
Williams	769 899 860 915
151 	663 921 692 935
Double 	700 921 774 935
Branch 	778 921 851 935
Rd	857 921 884 935
,	886 921 891 935
Seneca	664 943 744 958
, 	744 943 751 958
SC	756 943 788 958
, 	789 943 794 958
29678	802 943 862 958

INVOICE	391 185 521 199
#	387 210 410 223
2018-001	411 210 556 223
DESCRIPTION	391 292 539 303
HRS	712 292 759 303
PRICE	872 292 937 303
Programming	386 360 512 373
: 	498 360 517 373
Wise 	518 360 564 373
Project	569 360 630 373
Finished 	392 379 454 388
01/01/18	459 379 528 387
48 	714 363 740 372
Hours	735 363 783 371
$	871 363 885 373
20,000	877 362 934 372
Html	387 419 435 431
: 	431 419 439 431
kyp.co	442 419 502 431
Finished 	390 438 457 447
12/15/17	458 438 528 447
12 	714 421 741 429
Hours	731 421 783 429
$	874 420 890 430
15,000	877 420 937 430
Web 	385 478 429 490
Design	434 478 496 490
: 	493 478 499 490
ATM 	505 478 544 490
News	546 478 595 490
Finished 	389 495 452 505
08/08/17	455 495 530 504
144 	710 479 740 487
Hours	739 479 787 487
$	871 476 889 487
50.000	879 475 935 486
SUBTOTAL	712 644 803 654
$	870 644 885 654
85,000	879 644 937 654
ISSUED 	836 86 901 94
TO	909 86 933 94
Jamaica 	806 112 874 119
Kollins	879 112 935 119
3078 	777 122 819 133
Fairway 	823 122 887 132
Drive	891 122 934 132
Vacaville	824 136 903 145
, 	904 136 908 145
CA	913 136 935 145
ISSUED 	811 181 877 191
DATE	885 181 934 190
March 	812 206 863 214
17	867 206 889 214
, 	889 206 892 214
2018	899 206 934 214
10:08 	858 218 904 227
AM	906 218 934 226
MAKE 	710 812 761 821
YOUR 	765 812 816 821
PAYMENT 	823 812 906 821
TO	911 812 935 821
ACCOUNT 	803 840 881 848
NAME	886 840 931 847
:	933 840 935 847
Kourtney 	802 857 872 867
Samson	876 857 935 866
ACCOUNT 	782 892 861 900
NUMBER	865 892 934 899
:	933 892 938 899
5597 	778 910 817 919
0407 	819 910 857 918
9065 	861 910 900 918
1701	900 910 937 918

COOKIES	314 67 680 109
BY 	415 133 454 147
CHARLIE	459 133 579 146
260 	328 162 365 177
Quad 	365 162 414 176
Oak 	416 162 453 176
Dr	457 162 476 176
, 	476 162 479 176
Mount 	486 162 536 176
Juliet	539 162 578 176
, 	578 162 581 176
TN	584 162 610 176
, 	612 162 615 176
37122	620 162 663 176
MS	83 264 118 278
. 	120 264 123 278
OLIVIA 	132 264 212 278
W. 	222 264 250 278
ADAMS	260 264 342 278
246 	80 285 115 299
5th 	118 285 143 299
Ave. 	147 285 185 299
New 	188 285 227 299
York	231 285 265 299
, 	267 285 270 299
NY	275 285 303 299
INVOICE	636 265 734 277
Number 	632 286 700 298
760 	702 286 735 298
982 	740 286 769 298
11	774 286 783 298
PRODUCT 	112 381 185 390
DESCRIPTION	190 381 293 390
QTY	459 381 496 390
PRICE	605 381 653 390
TOTAL	754 380 813 390
Chocolate 	109 424 201 439
Chip	188 424 230 439
12	462 426 482 437
$	610 426 624 436
5	627 426 641 436
$ 	755 425 773 437
60	772 424 798 436
Toffee 	109 443 168 455
Crunch	163 443 221 455
12	462 444 482 455
$	609 443 623 455
5	628 443 639 455
$	759 443 770 455
60	775 443 797 455
Peanut 	112 460 166 473
Butter 	167 460 216 472
Combo	220 460 274 472
6	464 463 477 471
$	610 461 623 472
5	628 461 641 472
$ 	755 461 773 472
30	774 460 799 471
Cinnamon 	110 479 192 490
Butter	191 479 241 490
3	464 480 477 489
$	608 479 624 489
5	627 479 641 489
$	756 479 772 491
15	772 478 792 490
PAYABLE 	85 762 183 775
TO	192 762 224 774
Olivia 	81 789 129 803
W. 	130 789 157 802
Adams	161 789 215 802
(	80 808 94 821
04	89 807 114 821
) 	110 807 119 821
298 	123 807 153 821
1092 	157 807 195 821
0595	196 807 240 821
+76 	80 827 112 838
209 	115 827 147 837
2874 	152 827 191 837
0192	195 827 230 837
oliviadams@email.com	81 843 253 857
BANK 	83 890 147 903
DETAILS	153 890 248 902
Olivia 	79 918 128 931
W. 	130 918 156 930
Adams	161 918 215 930
Account 	79 936 156 949
Number	148 936 216 949
: 	211 936 217 949
2220 	222 936 263 949
022 	267 936 299 949
1223 	301 936 337 949
1092	342 936 379 949
SUBTOTAL	460 573 560 584
$ 	755 572 769 583
165	773 572 799 583
GRAND 	462 590 526 601
TOTAL	532 590 595 601
$ 	756 590 769 601
165	770 589 798 601

treats	323 181 639 227
BY 	321 250 372 267
ANNA 	392 250 515 267
MARIE	537 250 675 267
INVOICE 	74 370 175 384
#	180 370 200 383
8934 	200 370 258 383
945	265 370 307 383
Matthew 	71 398 141 406
John 	144 398 183 406
Robertson	188 398 269 406
+90 	71 412 100 422
834 	104 412 133 421
8436	138 412 175 421
mrobertson@email.co	193 412 362 421
ISSUED 	838 398 896 407
ON	901 398 925 407
18 	775 413 795 422
NOVEMBER 	797 413 887 422
2019	892 413 925 422
DESCRIPTION	74 487 181 497
OTY	484 488 520 498
PRICE	607 488 653 496
TOTAL	785 488 841 497
Vanilla 	73 525 130 534
Cupcakes	132 525 210 534
2	484 527 497 533
$	605 524 620 535
50.00	614 524 661 535
$	783 525 795 534
100.00	792 525 846 534
Red 	74 565 108 575
Velvet 	109 565 166 575
Cupcakes	163 565 240 575
1	483 566 496 573
$	605 564 622 574
35.00	614 563 661 573
$	783 564 797 574
35.00	793 563 837 573
Chocolate 	73 605 154 615
Chip 	159 605 193 615
Cookies	198 605 259 615
1	483 607 494 612
$	605 604 620 615
140.00	612 604 670 615
$	783 604 798 614
140.00	790 604 846 614
TOTAL	604 679 658 688
$	778 679 793 689
275.00	785 678 842 688
PAYMENT 	74 890 196 904
DETAILS	202 890 308 903
Account 	71 925 141 933
Name	143 925 188 933
: 	187 925 192 933
Anna 	197 925 238 933
Marie 	241 925 285 933
Williams	290 925 353 933
Account 	71 938 141 947
Number	139 938 204 946
: 	204 938 207 946
1920 	212 938 246 946
1804 	251 938 287 946
7293 	292 938 327 946
4983	332 938 369 946
THANK 	769 889 853 903
YOU	860 889 914 902
!	914 889 921 902
Treats 	750 925 803 934
by 	804 925 827 934
Anna 	829 925 871 934
Marie	874 925 921 934
+90 	661 939 690 949
8435 	695 939 731 948
treatsbyannamarie.co	749 939 920 948

123 	130 922 158 932
Anywhere	152 922 215 932
Street	119 940 162 950
, 	157 940 162 950
Any 	159 940 190 950
City	188 940 215 950
hello@reallgreatsite.com	61 956 214 967
BEECHTOWN 	311 71 482 86
DESIGN 	492 71 590 86
STUDIO 	600 71 700 86
SERVICE	710 71 822 86
Official 	307 130 531 169
Invoice	556 130 778 169
Invoice 	311 190 401 210
# 	411 190 425 210
123 	434 190 478 210
/ 	482 190 498 210
January 	506 190 605 210
1	612 190 624 210
, 	627 190 632 210
2020	639 190 702 210
THIS 	312 307 366 318
INVOICE 	372 307 464 318
IS 	471 307 493 318
ADDRESS 	501 307 604 318
TO	610 307 639 318
:	641 307 648 318
Star 	309 337 374 353
Bright 	355 337 424 353
Sport 	424 337 481 353
Equipment	483 337 590 353
Description	309 459 425 471
Unit 	602 456 648 469
x 	647 456 662 468
Price	664 456 716 468
Amount 	785 457 867 470
Due	867 457 906 469
Logo	308 520 351 534
1 	603 520 620 530
x 	614 520 629 529
$	627 520 641 529
200	637 520 667 529
$	785 520 803 531
200.00	794 520 851 531
Business 	309 542 377 550
Card	380 542 414 550
50 	603 541 632 552
x 	625 541 639 552
$	636 541 648 552
4	646 541 661 552
$	787 541 804 551
200.00	794 540 851 550
Packaging	308 560 394 573
25 	603 560 632 570
x 	627 560 641 570
$	638 560 651 570
8	648 560 662 570
$	785 560 802 569
200.00	797 560 852 569
Total 	602 791 656 804
Amount	654 791 736 804
$	787 791 804 802
600.00	795 791 855 802
Bank 	603 830 646 839
Details	647 830 704 838
Wisteria 	603 853 657 861
National 	654 853 707 861
Bank	710 853 741 861
Account 	603 883 673 894
Number	673 883 740 893
JKL	605 907 629 914
-	628 907 636 914
123-456-789-0123	632 907 741 914

MUZZY 	363 69 594 101
HILL	620 69 768 100
BESPOKE 	358 120 522 137
CLOTHING	537 120 720 136
INFO@MUZZYHILL.COM/WWW.MUZZYHILLS.COM	360 166 808 177
INVOICE 	139 254 250 267
NUMBER	261 254 374 267
35500890	137 274 248 287
DATE 	534 254 602 266
ISSUED	613 254 707 266
March 	530 274 600 287
2	610 274 623 287
, 	622 274 627 287
2019	636 274 686 287
SHIPPING 	134 406 263 419
ADDRESS	274 406 396 419
1511 	133 427 181 440
Texas 	187 427 251 439
Ave 	260 427 303 439
S 	311 427 324 439
#	332 427 346 439
211	350 427 381 439
,	379 427 385 439
College 	132 447 225 463
Station	229 447 308 463
, 	311 447 314 463
TX	322 447 352 463
, 	353 447 357 463
77840	365 447 431 463
SHIPPED 	530 406 644 419
TO	654 406 690 418
Mark 	526 426 589 441
Chapelle	593 426 693 441
markchapelle@email.com	528 447 822 462
(	526 468 536 483
04	537 468 568 483
) 	565 468 573 483
298 	580 468 620 483
1092 	624 468 678 483
2091	687 468 739 483
SERVICE 	138 606 250 618
DESCRIPTION	261 606 440 618
QTY	552 606 609 617
PRICE	648 606 725 617
TOTAL	758 606 847 617
Custom 	137 664 226 675
Wallet	231 664 307 675
Custom 	141 717 226 730
Belt	235 717 280 729
01	570 666 599 674
$ 	651 662 672 675
300	675 662 720 675
$ 	767 662 788 676
300	790 661 833 675
01	574 721 604 730
$ 	653 717 676 731
300	677 717 722 731
$ 	770 717 792 731
300	794 717 838 731
TOTAL	652 834 739 848
$ 	768 834 783 848
600	793 834 835 848

DESCRIPTION	113 343 231 351
QTY	508 342 546 352
PRICE	637 342 691 350
TOTAL	787 342 845 350
Yellow 	110 407 171 420
Tulips	170 407 231 419
5	522 410 534 418
$	641 408 658 419
8.00	648 408 692 419
$	785 408 802 418
40.00	792 408 847 418
White 	109 466 177 479
Tulips	164 466 222 479
5	520 468 534 476
$	639 466 656 476
9.00	647 466 688 476
$	784 466 799 477
45.00	790 466 846 477
Yellow 	107 525 166 536
Roses	170 525 219 535
10	511 527 532 534
$	634 525 649 535
8.00	643 525 685 535
$	780 525 795 535
80.00	788 525 842 535
GOLDEN	253 108 424 135
BLOOMS	249 143 434 170
INVOICE 	583 253 700 268
NO	711 253 750 267
. 	755 253 763 267
15634	777 253 862 267
Date 	622 276 672 288
of 	666 276 688 287
transaction	688 276 787 287
: 	788 276 792 287
10/1/19	799 276 862 287
TOTAL 	586 602 644 612
AMOUNT	647 602 724 611
:	724 602 730 611
$	795 602 809 612
165.00	806 601 867 611
TAX	691 635 726 645
:	720 635 730 644
$	802 634 818 645
45.00	808 634 866 644
AMOUNT 	608 666 682 675
DUE	690 666 722 674
:	724 666 727 674
$	797 666 811 675
210.00	807 666 869 675
THANK 	260 878 331 895
YOU 	337 878 379 895
FOR 	390 878 428 895
PURCHASING 	435 878 571 895
OUR 	580 878 623 895
BLOOMS	632 878 717 895
!	715 878 722 895

MOM	90 97 201 120
Marmalade	64 199 225 218
Myers 	70 228 166 249
Inc.	168 228 217 249
Billed 	341 242 392 252
to	395 242 414 252
invoice	659 62 952 108
No. 	823 137 862 148
8888	865 137 921 148
-	924 137 930 148
TI	928 137 949 148
Date	797 157 855 170
: 	847 157 855 169
02 	858 157 889 169
10 	891 157 918 169
02	920 157 950 169
LANCE 	449 243 526 253
AUBREY 	532 243 624 253
TEODORO	633 243 740 253
784 	448 265 483 277
Newport 	487 265 566 277
St. 	571 265 595 277
Randolph	600 265 687 277
, 	690 265 692 277
MA 	698 265 729 277
02368	732 265 787 277
+90 	447 281 482 293
884 	487 281 521 293
834 	527 281 557 293
56 	561 281 586 293
lance_aubrey@email.co	602 281 816 293
DESCRIPTION	346 371 494 382
QTY	667 371 720 383
PRICE	823 371 891 382
Appetizer	341 413 440 429
El 	343 431 363 443
Pequinio 	365 431 440 443
& 	443 431 455 443
Street 	458 431 507 443
Tacos	512 431 560 443
50	673 414 697 422
$	823 414 838 423
300.00	832 413 892 422
Entree	345 471 411 481
50	673 471 697 479
$	823 469 840 479
250.00	831 468 892 478
Smothered 	345 488 437 497
Chicken 	442 488 506 497
& 	511 488 521 497
Calabash	526 488 598 497
8948 	71 847 129 861
Edgefield	124 847 216 861
Street	114 866 175 875
Granger	62 884 141 897
, 	141 884 146 897
IN 	151 884 167 897
46530	171 884 229 897
+9903 	74 918 132 929
8345 	137 918 180 928
346	183 918 217 928
www.mmyers.com	56 939 232 950
Please 	342 926 411 936
make 	401 926 458 936
payment 	453 926 525 936
to	528 926 546 936
MARMALADE 	343 943 467 951
MYERS 	473 943 536 951
INC	542 943 574 951
.	575 943 581 951
6734 	343 957 391 966
8834 	395 957 440 966
992399832	444 957 550 966
SUBTOTAL	670 592 759 599
$	822 590 838 599
550.00	832 590 891 599
DEPOSIT	667 620 740 627
$	821 619 836 629
250.00	829 619 890 629
AMOUNT 	668 656 748 663
DUE	753 656 788 663
$	822 655 838 665
300.00	831 655 894 665
Thank 	785 939 882 958
You	886 939 948 958
!	947 939 957 958

HEADWAY	68 58 258 76
CLOTHING	65 90 255 110
CO	65 122 127 143
.	123 122 138 142
DECEMBER 	103 223 303 243
16 	311 223 352 242
2002	363 223 465 242
SALES	764 60 952 89
INVOICE	707 110 948 140
No. 	756 163 793 176
122035-1254	802 163 947 176
QTY	171 315 245 335
DESCRIPTION	306 315 513 333
PRICE	568 316 659 333
TOTAL	725 317 829 333
02	171 365 207 377
BOOTS	306 365 397 378
500.00	566 365 661 377
1000.00	722 365 827 378
SOLD 	142 658 235 676
TO	243 658 289 676
:	288 658 299 676
Zooey 	141 691 221 708
Barnes	219 691 308 707
5504 	146 717 209 729
3931 	215 717 263 729
9409 	272 717 331 729
4164	337 717 396 729
TOTAL	596 512 686 526
: 	687 512 695 525
1000.00	719 512 827 525
88 	507 691 539 705
Lee 	545 691 585 705
Avenue	589 691 680 705
Maple 	505 715 591 733
Shade	586 715 659 733
, 	659 715 666 733
NJ 	673 715 705 733
08052	710 715 787 733
THANK 	311 830 520 861
YOU	530 830 661 861
!	666 830 681 861
+	397 899 431 911
1-417-330-6297	410 899 593 911
2445 	249 923 317 940
Lighthouse 	321 923 447 940
Drive 	453 923 513 940
Branson	520 923 612 940
, 	613 923 618 940
MO 	625 923 668 940
65616	675 923 743 940
info@headwayclothing.com	341 948 653 966

PappaRich 	89 149 293 180
BMC	312 149 404 180
N0.19 	81 199 122 209
& 	129 199 141 209
21 	147 199 162 209
JALAN	169 199 216 209
TEMENGGUNG 	82 218 192 229
23/9	199 218 231 229
DARUL 	83 235 133 246
EHSAN	139 235 189 246
,	191 235 193 246
MALAYSIA	80 254 158 264
Date	652 242 702 256
:	703 242 706 255
15	746 241 769 257
-	771 241 778 256
Jun	779 241 814 256
-	818 241 824 256
18	828 241 852 256
NO	146 348 179 360
QUANTITY	325 348 435 361
DESCRIPTION	540 348 679 360
TOTAL	808 349 877 360
1	156 383 170 395
1	373 383 386 395
BO2 	518 383 555 395
HALF 	564 383 612 395
BL 	620 383 641 395
EGG 	648 383 686 395
E	695 383 704 395
4.53	819 383 861 395
1	157 418 168 430
1	373 418 386 430
B03 	512 417 543 430
HNN 	552 417 597 430
TST	604 417 638 430
+	641 417 651 430
b	654 417 664 430
+	668 417 678 430
K 	682 417 693 430
E	701 417 710 430
5.57	823 418 861 430
1	157 453 170 465
1	374 454 386 464
D19 	539 452 573 468
CHAM 	581 452 641 467
(	649 452 654 467
I	654 452 658 467
) 	660 452 666 467
Е	674 452 684 467
5.57	823 452 861 465
Invoice 	555 487 625 501
Tax	633 487 669 501
0.00	820 488 862 499
Total	583 522 635 535
17.20	814 523 870 534
Make 	80 593 121 607
all 	127 593 142 606
checks 	148 593 196 606
payable 	203 593 259 606
to 	265 593 279 606
PappaRich 	286 593 362 606
BMC	369 593 403 606
.	402 593 405 606
Total 	67 628 101 641
due 	109 628 136 641
in 	142 628 154 641
<	162 628 169 641
#	172 628 181 641
> 	183 628 190 641
days	198 628 230 641
. 	233 628 234 641
Overdue 	241 628 303 641
accounts 	309 628 374 641
subject 	379 628 432 641
to 	437 628 452 641
a 	458 628 465 641
service 	470 628 521 641
charge 	526 628 575 641
of 	582 628 596 641
<	602 628 610 641
#	613 628 622 641
>	625 628 632 641
% 	635 628 647 641
per 	653 628 678 641
month	683 628 730 641
.	731 628 733 641

AEON 	105 80 180 100
CO	191 80 229 100
. 	233 80 236 100
(	246 80 254 100
M	255 80 277 100
) 	276 80 284 100
BHD 	294 80 351 100
(	359 80 368 100
126926	370 80 460 100
-	460 80 468 100
H	467 80 487 100
)	489 80 496 100
3RD 	110 117 134 125
FLR	139 117 161 125
, 	162 117 164 125
AEON 	168 117 203 125
TAMAN 	207 117 249 125
MALURI 	254 117 299 125
SC 	303 117 320 125
JLN 	324 117 345 125
JEJAKA	350 117 395 125
, 	394 117 397 125
TAMAN 	402 117 444 125
MALURI 	449 117 493 125
CHERAS	499 117 550 125
,	551 117 552 125
55100 	266 128 298 137
KUALA 	303 128 344 136
LUMPUR	346 128 398 136
ITEM	104 213 132 219
QTY	240 213 267 220
DESCRIPTION	566 212 649 220
AMOUNT	837 213 891 219
1	102 237 110 244
1	240 238 248 244
CISSY 	565 237 602 244
CRACKER	606 237 666 244
7.74	739 238 766 244
2	102 263 111 269
1	240 263 248 269
NIVEA 	566 262 602 269
SUN 	606 262 631 269
LOTI	635 262 661 269
38.8	739 262 766 269
Make 	111 311 150 321
all 	150 311 164 321
checks 	168 311 209 321
payable 	214 311 259 321
to 	263 311 274 321
AEON 	279 311 316 321
CO	321 311 341 321
. 	342 311 344 321
(	349 311 353 321
M	354 311 364 321
) 	365 311 369 321
BHD 	373 311 401 321
(	405 311 409 321
126926	411 311 455 321
-	455 311 459 321
H	459 311 468 321
)	469 311 473 321
Thank 	112 335 153 345
you 	156 335 180 345
for 	183 335 203 345
your 	205 335 236 345
business	239 335 297 345
!	296 335 300 345
INVOICE	819 82 901 93
Invoice 	660 113 703 120
No	705 113 722 120
:	722 113 725 120
1541	873 113 901 120
Invoice 	649 134 693 140
Date	695 134 721 140
:	722 134 725 140
20/04/2018	839 134 903 140
TAX	701 312 726 319
2.64	740 312 765 318
TOTAL	687 337 726 344
46.55	740 337 771 344

AX	140 55 150 62
+	151 58 156 63
tockphx-	106 61 154 72
CE	131 75 146 83
ONIAG	124 82 147 97
Dimiliki	183 120 229 130
: 	232 120 234 130
banh 	238 120 269 130
mi 	274 120 288 130
cafe 	294 120 319 130
sdn 	323 120 345 130
bhd 	349 120 374 130
1110644	379 120 432 130
-	431 120 437 130
w	437 120 448 130
No. 	183 137 203 146
1 	208 137 212 146
Jalan 	217 137 246 146
Puteri 	250 137 283 146
7/10 	287 137 313 146
Bandar 	317 137 357 146
Puteri	361 137 393 146
,	395 137 397 146
47100 	180 152 219 163
puchong 	224 152 273 163
Selangor	277 152 329 163
, 	328 152 331 163
Malaysia	335 152 384 163
Invoice 	637 137 678 145
No	682 137 699 145
:	702 137 705 145
153887	711 137 752 145
Date	672 152 699 160
:	701 152 706 160
29-10-2017 	710 152 777 160
18:31:45	782 152 829 160
Customer 	625 167 688 175
ID	686 167 699 175
:	702 167 705 175
ABC12345	710 167 769 175
Quantity	184 243 232 253
Description	269 244 333 252
Line 	564 243 591 251
Total	589 243 617 251
1	184 265 189 271
205 	272 256 292 264
SUONG 	298 256 341 264
NON 	346 256 374 264
RAM 	379 256 406 264
CHUA 	410 256 445 264
205 	448 256 469 264
Sweet 	473 256 507 264
&	510 256 521 264
Sour	522 256 548 264
Pork 	271 272 300 279
Ribs	302 272 325 279
9.90	563 264 593 271
1	183 292 191 298
217 	271 290 294 299
Tau 	296 290 317 299
Hu 	321 290 338 299
Don 	342 290 366 299
Thit 	369 290 392 299
Chi 	395 290 413 299
217 	417 290 438 299
Stuff 	442 290 469 299
Meat 	472 290 502 299
Tau 	506 290 526 299
Fu	531 290 543 299
9.90	563 291 593 298
1	183 319 191 326
605 	271 319 292 327
TRA 	296 319 319 327
DA 	324 319 341 327
605 	344 319 365 327
Vietnamese 	368 319 436 327
Iced 	440 319 464 327
Tea	467 319 488 327
1.50	563 319 593 326
Sales 	443 345 475 353
Tax	476 345 497 353
0.095	563 346 597 354
TOTAL	456 367 498 374
23.25	556 367 593 374
Make 	199 380 238 387
all	236 380 249 387
checks	205 395 244 403
THANK 	190 408 232 415
YOU	235 408 260 415
FOR 	195 423 219 430
YOUR	221 423 257 430

VIVOPAC 	91 137 212 153
MARKETING 	224 137 385 153
SDN 	395 137 451 153
BHD	461 137 518 153
14 	89 163 110 172
JALAN 	113 163 169 172
MANIS 	173 163 226 172
4 	231 163 242 172
TAMAN 	246 163 306 172
SEGAR 	310 163 370 172
56100 	374 163 420 172
KL	424 163 447 172
DESCRIPTION	252 230 364 240
QTY	733 231 769 240
AMOUNT	854 231 928 240
PP	91 256 112 265
-	117 256 122 265
14x20 	127 256 171 265
0.04mm	176 256 236 265
1.00 	655 256 687 265
PKT	693 256 725 265
14.60	849 257 895 265
PP	91 290 112 300
-	117 290 122 300
16x26 	127 290 172 300
0.04mm	176 290 236 300
1.00 	655 290 687 299
PKT	693 290 725 299
14.60	849 290 895 299
24 	89 323 108 336
x 	112 323 122 336
28 	125 323 145 336
(	149 323 154 336
75HT	154 323 195 336
) 	196 323 200 336
Red	207 323 235 336
1.00 	655 325 688 334
PKT	693 325 725 334
6.00	850 324 885 334
26 	90 358 108 371
x 	113 358 121 371
33 	126 358 143 371
(	149 358 153 371
85HT	155 358 195 371
) 	196 358 200 371
Red	206 358 234 371
1.00 	655 359 687 368
PKT	693 359 725 368
8.00	850 359 884 368
1 	91 391 97 402
OPP 	104 391 138 402
Tapes	144 391 189 402
1.00 	655 391 687 400
PCS	693 391 725 400
0.80	849 390 886 400
Make 	88 447 132 459
all 	136 447 151 459
checks 	158 447 208 459
payable 	214 447 271 459
to 	277 447 290 459
VIVOPAC 	295 447 369 459
MARKETING 	375 447 472 459
SDN	478 447 511 459
BHD	89 464 125 473
.	126 464 128 473
If 	90 482 98 495
you 	103 482 129 495
have 	135 482 170 495
any 	176 482 203 495
questions 	207 482 278 495
concerning 	283 482 364 495
this 	369 482 394 495
invoice	399 482 451 495
, 	452 482 455 495
Contact	461 482 518 495
Name	90 499 133 510
, 	135 499 137 510
Phone 	145 499 191 510
Number	197 499 256 510
, 	255 499 258 510
Email	265 499 305 510
THANK 	91 533 149 542
YOU 	154 533 189 542
FOR 	194 533 229 542
YOUR 	234 533 281 542
BUSINESS	286 533 371 542
!	372 533 377 542
DATE	564 137 611 146
:	610 137 615 146
17/01/2017 	655 137 737 147
01:31:27 	743 137 807 147
PM	813 137 837 147
INVOICE 	550 171 618 181
#	621 171 632 181
CS21532619	655 171 752 181
SALES 	736 432 790 441
TAX	796 432 830 441
2.64	896 432 932 440
TOTAL	774 465 828 473
46.65	887 465 934 473

AEON 	172 94 231 110
CO	238 94 265 110
. 	267 94 270 110
(	277 94 285 110
M	287 94 304 110
) 	305 94 312 110
BHD 	320 94 366 110
(	373 94 382 110
126926	383 94 463 110
-	463 94 469 110
H	470 94 486 110
)	486 94 494 110
3RD 	158 191 188 203
FLR	197 191 225 203
, 	231 191 234 203
AEON 	241 191 286 203
TAMAN 	292 191 350 203
MALURI 	358 191 419 203
SC 	426 191 446 203
JLN	452 191 479 203
JEJAKA	156 208 213 222
, 	220 208 223 221
TAMAN 	230 208 287 221
MALURI 	295 208 356 221
CHERAS	364 208 427 221
, 	434 208 437 221
55100	445 208 494 221
KUALA 	157 227 209 237
LUMPUR	216 227 282 237
DESCRIPTION	281 301 388 310
AMOUNT	711 301 783 310
000005469765 	156 337 274 348
TOPVALU 	280 337 355 347
FLOOR 	361 337 414 347
C	419 337 427 347
6.65	625 337 660 347
000001101575 	157 374 275 385
CIF 	281 374 305 385
REGULAR 	311 374 386 385
50	391 374 409 385
5.60	626 374 661 384
Date	518 154 560 163
:	555 154 560 163
14/03/2018	627 154 723 167
Invoice	519 172 576 182
#	583 172 593 182
:	596 172 598 182
2018031430090060000	627 172 815 182
INVOICE	689 87 861 113
SUBTOTAL	520 410 604 421
12.25	626 410 668 421
SALES 	520 447 567 458
TAX	573 447 604 458
0.70	626 447 659 458
TOTAL	519 485 576 494
12.25	627 484 671 494
THANK 	158 485 216 495
YOU 	220 485 254 495
FOR 	257 485 290 495
YOUR 	295 485 340 495
BUSINESS	343 485 423 495
!	422 485 428 495

99 	53 109 69 120
SPEED 	71 109 109 120
MART 	113 109 149 120
S	152 109 159 120
/	158 109 165 120
B 	166 109 173 120
(	176 109 180 120
519537	181 109 224 120
-	225 109 229 120
X	228 109 238 120
)	236 109 240 120
LOT 	344 124 362 131
P.T. 	365 124 381 131
33198	384 124 414 131
, 	413 124 415 131
BATU 	419 124 443 131
4 	446 124 452 131
JALAN 	455 124 483 131
KAPAR	486 124 517 131
,	517 124 519 131
MUKIN 	344 135 376 142
KAPAR 	379 135 410 142
42100 	412 135 441 142
KLANG	444 135 476 142
, 	475 135 478 142
SELANGOR	481 135 531 142
Invoice 	470 148 516 156
#	515 148 524 155
:	523 148 526 155
17545	545 147 576 154
/	576 147 581 154
102	578 147 598 154
/	597 147 603 154
T0040	603 147 633 154
Invoice 	449 166 492 173
Date	495 166 523 173
:	524 166 527 173
13-01-16	546 165 589 171
Item 	80 223 102 228
#	103 223 112 228
Description	204 223 262 230
Qty	426 223 446 229
Unit 	565 223 588 228
Price	591 223 614 228
1	92 248 100 254
9500 	153 248 176 254
MASSIMO 	179 248 225 254
WHEAT 	228 248 263 254
GERM 	266 248 294 254
400	296 248 313 254
4	432 249 441 254
2.25	579 248 602 254
2	92 272 100 277
1988 	160 271 183 277
PANTENE 	187 271 230 277
HAIR 	232 271 254 277
FALL 	258 271 278 277
CONT	282 271 308 277
1	433 272 441 277
10.95	576 271 605 277
3	91 295 100 300
739 	157 294 175 300
PANTENE 	177 294 220 300
TTL 	222 294 238 300
DAMAGE 	242 294 283 300
CARE	286 294 310 300
3	432 295 441 300
10.95	576 294 604 300
4	91 312 100 317
1817 	167 311 189 317
AJI	192 311 204 317
-	205 311 208 317
SHIO 	209 311 232 317
BLACK 	234 311 264 317
PEPPER	266 311 300 317
2	433 312 441 317
5.75	580 312 601 317
Invoice 	468 355 503 361
Subtotal	505 355 543 361
29.9	604 355 626 360
Tax 	502 373 520 378
Rate	522 373 545 378
9	611 373 620 379
%	616 373 626 379
TOTAL	513 398 543 403
45.9	603 397 626 403
MAKE 	51 416 80 424
ALL 	83 416 99 424
CHECKS 	102 416 138 424
PAYABLE 	141 416 180 424
TO 	183 416 196 424
99 	201 416 213 424
SPEED 	216 416 244 424
MART 	248 416 275 424
S	277 416 283 424
/	281 416 287 424
B 	287 416 293 424
(	295 416 299 424
519537	299 416 334 424
-	334 416 337 424
Χ	336 416 344 424
)	341 416 345 424
.	347 416 349 424
TOTAL 	52 440 83 446
DUE 	85 440 105 446
IN 	107 440 117 446
10 	120 440 131 446
DAYS	134 440 158 446
. 	159 440 160 446
OVERDUE 	163 440 209 446
ACCOUNTS 	211 440 263 446
ARE 	265 440 284 446
SUBJECT 	287 440 326 446
TO 	328 440 341 446
AN 	344 440 357 446
INTEREST 	360 440 403 446
CHARGE 	406 440 444 446
OF 	447 440 460 446
2	462 440 468 446
% 	468 440 476 446
PER 	479 440 496 446
MONTH	500 440 536 446
.	536 440 538 446

Adress	84 87 144 98
:	144 87 149 98
SYARIKAT 	334 63 465 78
PERNIAGAAN 	474 63 650 78
GIN 	658 63 706 78
KEE	713 63 767 78
NO 	88 108 114 121
290	121 108 150 120
, 	151 108 154 120
JALAN 	160 108 221 120
AIR 	226 108 259 120
PANAS	265 108 326 120
, 	327 108 330 120
SETAPAK	337 108 422 120
,	421 108 425 120
53200	88 127 135 141
, 	137 127 139 141
KUALA 	147 127 214 141
LUMPUR	218 127 299 141
.	300 127 303 141
INVOICE 	98 186 172 198
NO	180 186 208 198
. 	210 186 212 198
CS00013065	219 186 320 198
QUANTITY	96 261 166 269
DESCRIPTION	261 260 349 269
UNIT 	658 260 692 269
PRICE	696 260 732 268
TOTAL	861 261 903 268
2	94 296 108 306
3122 	262 287 299 300
(	306 287 311 300
W33	313 287 348 300
) 	349 287 354 300
105MM	363 287 425 300
/	425 287 431 300
4'CUTTING	431 287 530 300
DISC	259 305 305 316
29.68	678 295 732 307
59.36	848 294 901 308
10	97 334 116 345
3383 	261 334 299 345
4	306 334 314 345
" 	317 334 321 345
MAGIC 	328 334 393 345
SAND 	398 334 450 345
PAPER	457 334 515 345
3.18	689 333 733 346
31.80	846 334 902 345
1	97 373 106 384
1512 	262 364 300 375
104 	306 364 335 375
COTTON 	340 364 419 375
GLOVE	424 364 489 375
(	262 381 267 396
DOZEN	267 381 335 396
)	332 381 339 396
10.60	678 372 733 384
10.60	847 372 902 384
SUB 	507 436 535 444
TOTAL	539 436 580 444
101.76	836 436 902 448
DATE	633 185 678 198
: 	679 185 682 197
31/01/2018	689 185 777 197
Thank 	506 499 551 511
you 	554 499 580 511
for 	584 499 604 511
your 	607 499 639 511
business	643 499 704 511
!	704 499 707 511

KEDAI 	54 110 89 118
PAPAN 	94 110 135 118
YEW 	138 110 167 118
CHUAN	170 110 213 118
LOT 	344 124 362 130
276 	364 124 381 130
JALAN 	384 124 412 130
BANTING	416 124 457 130
43800 	343 136 372 143
DENGKIL	375 136 415 142
, 	415 136 418 142
SELANGOR	421 136 471 142
.	471 136 473 142
CUSTOMER 	55 148 109 153
#	114 148 120 153
: 	120 148 122 153
SUCI 	142 148 163 154
ALAM 	167 148 193 154
JAYA 	196 148 220 154
TRANSPORT	221 148 277 154
Invoice 	470 148 519 156
#	515 148 524 155
:	524 148 527 155
CS00010702	547 148 605 153
Invoice 	449 165 493 173
Date	496 165 524 173
:	524 165 529 173
12/3/2018	545 164 598 172
Item 	80 223 102 228
#	103 223 112 228
Description	204 223 262 230
Qty	426 223 447 229
Total 	564 222 589 228
Price	592 222 616 228
1	92 248 100 254
101869 	176 247 211 255
PASIR 	214 247 240 255
KASAR 	243 247 273 255
(	275 247 279 255
D	279 247 286 255
)	285 247 289 255
2	433 248 441 253
127.2	577 248 605 253
2	92 272 100 276
101871 	185 270 220 278
BATU 	223 270 248 278
3/4 	250 270 266 278
(	268 270 271 278
D	272 270 279 278
)	278 270 282 278
1	434 272 440 277
68.9	579 271 601 277
3	91 294 100 299
101756 	200 294 234 300
SIMEN	237 294 267 300
5	432 294 441 299
87.45	576 294 604 300
Tax 	416 344 434 349
Rate	435 344 459 349
16.05	576 343 604 349
Total	414 360 439 366
283.55	573 360 606 366
MAKE 	52 380 80 386
ALL 	83 380 99 386
CHECKS 	101 380 137 386
PAYABLE 	141 380 180 386
TO 	183 380 196 386
KEDAI 	202 380 228 386
PAPAN 	232 380 263 386
YEW 	266 380 287 386
CHUAN	290 380 324 386
.	325 380 326 386
TOTAL 	52 403 83 409
DUE 	85 403 104 409
IN 	106 403 117 409
10 	120 403 131 409
DAYS	134 403 158 409
. 	158 403 160 409
OVERDUE 	163 403 209 409
ACCOUNTS 	211 403 262 409
ARE 	265 403 283 409
SUBJECT 	286 403 325 409
TO 	328 403 341 409
AN 	344 403 357 409
INTEREST 	360 403 403 409
CHARGE 	406 403 444 409
OF 	447 403 460 409
2	463 403 468 409
% 	468 403 476 409
PER 	479 403 496 409
MOΝΤΗ	500 403 535 409
.	536 403 538 409

OASIS 	92 55 164 70
VILLAGE	173 55 277 70
LOUNGE 	90 111 151 121
2	156 111 164 121
, 	166 111 167 121
GROUND 	172 111 237 121
FLOOR	244 111 294 121
, 	295 111 298 121
OASIS 	303 111 347 121
VILLAGE	352 111 414 121
,	415 111 417 121
DATE	551 108 600 119
:	601 108 605 119
29/06/2018	653 109 749 119
INVOICE 	551 123 627 136
#	633 123 644 136
4449 	654 123 692 136
- 	697 123 701 136
517	707 123 735 136
NO 	91 123 110 136
2	116 123 123 136
, 	125 123 127 136
JALAN 	133 123 178 136
PJU 	184 123 209 136
1A	216 123 233 136
/	232 123 238 136
7A	238 123 255 136
, 	257 123 258 136
OASIS 	265 123 309 136
SQUARE	314 123 376 136
, 	378 123 379 136
OASIS 	382 123 426 136
DAMANSARA	432 123 525 136
.	523 123 527 136
,	531 123 532 136
47301	88 140 127 149
, 	131 140 132 149
PETALING 	135 140 207 149
JAYA	213 140 250 149
, 	249 140 252 149
SELANGOR	254 140 336 149
DESCRIPTION	265 176 367 185
QUANTITY	562 177 637 185
RATE	692 177 731 185
HE	89 205 109 214
-	109 205 114 214
333-3S 	114 205 162 214
UNICORN 	167 205 235 214
BALL 	241 205 276 214
PEN 	282 205 311 214
BLUE	316 205 354 214
1	593 207 604 214
1.90	651 205 683 214
HE	89 235 109 244
-	110 235 115 244
3S 	115 235 133 244
70 	137 235 153 244
UNICORN 	158 235 226 244
MARKER 	232 235 296 244
BK	300 235 320 244
1	594 236 604 243
4.50	650 235 684 244
MR.BANANA 	89 264 178 273
140G	183 264 217 272
1	595 265 604 272
1.30	651 265 683 273
SUBTOTAL	679 294 757 302
Make 	87 381 129 392
all 	130 381 143 392
checks 	149 381 195 392
payable 	200 381 251 392
to 	255 381 266 392
OASIS 	272 381 317 392
VILLAGE 	322 381 383 392
.	388 381 390 392
Total 	89 403 121 414
due 	126 403 151 414
in 	156 403 166 414
15 	172 403 188 414
days	192 403 222 414
. 	224 403 226 414
Overdue 	231 403 287 414
accounts 	292 403 351 414
subject 	356 403 402 414
to 	407 403 419 414
a 	424 403 431 414
service 	436 403 483 414
charge	488 403 532 414
of 	89 418 102 429
1	106 418 112 429
% 	113 418 125 429
per 	132 418 153 429
month	157 418 197 429
.	199 418 201 429
THANK 	187 446 238 456
YOU 	242 446 275 456
FOR 	280 446 311 456
YOUR 	314 446 358 456
BUSINESS	362 446 437 456
!	437 446 441 456
TAX 	563 323 592 331
RATE	596 323 635 331
0.00	653 323 681 331
TOTAL	587 352 635 361
7.70	654 352 681 361

HUGO 	154 71 210 84
TRADING 	218 71 303 84
SDN 	311 71 350 84
BHD 	359 71 398 84
TRADING 	411 71 497 84
SDN 	504 71 544 84
BHD	552 71 591 84
LOT 	152 103 170 110
8	171 103 177 110
&	176 103 182 110
9	181 103 187 110
, 	188 103 189 110
KOMPLEKS 	193 103 242 110
PASAR 	245 103 274 110
BORONG	277 103 316 110
SELANGOR	159 119 209 126
, 	209 119 211 126
43300 	214 119 238 126
SERI 	241 119 261 126
KEMBANGAN	264 119 320 126
, 	322 119 323 126
SEL	326 119 342 126
Malaysia	152 144 189 151
S.NO	152 179 173 185
DESCRIPTION	383 179 443 185
QUANTITY	674 179 720 185
AMOUNT	805 179 845 185
1	151 209 157 214
HD 	383 208 396 215
32 	398 208 413 215
X40 	410 208 426 215
1kg	427 208 444 215
2 	612 209 622 214
PKT	620 209 637 214
22.00	735 208 760 214
2	151 237 158 242
GB3648	382 236 417 242
-	416 236 419 242
GARBAGE 	418 236 463 242
BAG 	466 236 484 242
36X48 	486 236 512 242
1X15	515 236 535 242
2 	611 237 624 242
PKT	620 237 637 242
18.80	736 236 761 242
INVOICE	792 73 850 82
Invoice 	680 103 712 109
No	713 103 725 109
.:	725 103 730 109
456	818 104 838 109
-	835 104 839 109
HM	837 104 851 109
Invoice 	675 118 707 125
Date	708 118 728 124
:	727 118 730 124
13/01/2018	808 119 855 124
TAX 	709 254 727 260
2.31	737 254 753 260
Make 	157 254 189 263
all 	186 254 197 263
checks 	198 254 228 263
payable 	231 254 265 263
to 	268 254 276 263
HUGO 	279 254 308 263
TRADING 	310 254 354 263
SDN 	357 254 377 263
BHD 	380 254 400 263
TRADING 	406 254 449 263
SDN 	453 254 472 263
BHD	476 254 496 263
Thank 	157 264 188 273
you 	189 264 207 273
for 	209 264 224 273
your 	225 264 247 273
business	249 264 292 273
!	291 264 295 273
TOTAL 	698 285 726 290
40.8	736 285 754 290

SYARIKAT 	204 104 340 122
PERNIAGAAN 	349 104 542 121
GIN 	554 104 606 121
KEE	619 104 666 121
NO 	105 181 124 189
290	128 181 148 189
, 	150 181 152 189
JALAN 	156 181 195 189
AIR 	200 181 219 189
PANAS	224 181 263 189
,	265 181 267 189
SETAPAK	106 192 155 200
, 	157 192 158 200
53200	164 192 197 200
, 	199 192 201 200
KUALA 	206 192 245 200
LUMPUR	249 192 297 200
Quantity	95 299 160 309
Description	202 298 282 309
Amount	433 299 497 308
1	145 321 149 329
1512 	203 313 231 322
104 	237 313 258 322
COTTON 	262 313 319 322
GLOVE	324 313 372 322
(	203 327 206 338
DOZEN	207 327 252 338
)	253 327 256 338
10.6	655 321 682 329
1	144 343 148 351
3032 	201 343 232 351
FACE 	237 343 270 351
MASK	274 343 312 351
23.32	645 343 683 351
2	141 359 153 365
3313 	201 358 231 367
CS 	236 358 254 367
200A 	258 358 291 367
CUTTING 	294 358 352 367
WHEEL	356 358 401 367
38.16	646 357 681 366
Make 	100 400 133 408
all 	132 400 143 408
checks 	146 400 180 408
payable 	184 400 225 408
to 	228 400 237 408
<	240 400 246 408
Company 	246 400 296 408
name	299 400 328 408
.	329 400 330 408
> 	330 400 336 408
If	338 400 345 408
you 	101 408 120 417
have 	122 408 147 417
any 	149 408 169 417
questions 	171 408 217 417
concerning 	220 408 275 417
this 	279 408 294 417
invoice	298 408 332 417
,	332 408 335 417
contact 	101 418 142 427
<	142 418 150 427
Name	149 418 180 427
> 	180 418 187 427
at 	189 418 200 427
(	202 418 205 427
206	205 418 223 427
) 	222 418 225 427
555-1163	229 418 272 427
,	272 418 275 427
someone@example.com	101 428 224 436
.	224 428 227 436
Thank 	100 437 131 446
you 	133 437 151 446
for 	154 437 167 446
your 	169 437 192 446
business	194 437 235 446
!	233 437 238 446
$	450 399 460 407
TOTAL	392 400 425 406
72.08	647 400 679 406
TAX	403 424 425 429
4.08	640 418 671 425
Date	745 181 780 189
:	774 181 779 189
03/01/18	805 181 860 189
Invoice 	720 195 765 203
#	767 195 775 203
:	775 195 778 203
CS00012524	807 196 878 202
For	757 209 777 215
:	774 209 779 215
PO 	808 209 825 216
# 	831 209 837 216
123456	844 209 882 216

SYARIKAT 	95 103 198 115
PERNIAGAAN 	206 103 340 115
GIN 	348 103 385 115
KEE	394 103 431 115
SYARIKAT 	92 141 145 148
PERNIAGAAN 	147 141 215 147
GIN	218 141 237 147
KEE	91 152 112 157
NO 	92 162 108 170
290	111 162 129 170
, 	130 162 133 170
JALAN 	136 162 167 170
AIR 	170 162 189 170
PANAS	193 162 227 170
,	226 162 230 170
SETAPAK	92 172 139 180
, 	138 172 141 179
53200	144 172 175 179
, 	175 172 178 179
KUALA	182 172 216 179
LUMPUR	92 182 136 189
.	136 182 138 188
Date	154 237 182 243
Description	339 237 400 244
Qty	610 237 630 244
Amount	805 237 848 243
11/1/2018	143 250 191 256
1627 	246 250 267 256
WALL 	269 250 298 256
SCRAPER 	300 250 348 256
3	350 250 356 256
"	357 250 361 256
1	737 250 744 256
4.45	883 250 907 256
2167 	245 263 266 270
4.5KG 	269 263 296 269
RENDEROC 	301 263 357 269
PLUG	361 263 387 269
2	737 264 745 269
101.76	873 264 906 269
1735 	244 277 267 284
5	270 277 276 284
" 	277 277 279 284
SCRAPER 	282 277 331 284
(	332 277 336 284
ADAMARK	336 277 386 284
)	385 277 389 284
1	737 277 744 282
10.07	879 277 906 283
TAX	610 293 630 299
6.58	884 291 906 297
TOTAL	597 304 645 312
116.28	874 305 906 310
Invoice 	435 152 472 158
No. 	474 152 492 157
CS00012664	496 152 554 157
Thanks 	257 373 311 383
for 	311 373 336 383
letting 	339 373 385 383
us 	387 373 405 383
serve 	406 373 448 383
you	448 373 476 383
!	473 373 482 383

No.35	195 122 228 130
, 	228 122 230 130
Ground 	231 122 272 130
Floor 	277 122 304 130
Jin	307 122 321 130
Metro 	195 138 229 145
Perdana 	234 138 278 145
Barat 	282 138 310 145
1	314 138 320 145
Taman 	198 152 236 161
Usahawan 	238 152 294 161
Kepong 	299 152 339 161
52100 	343 152 376 161
KL	379 152 391 161
Pacific 	389 82 461 101
Asian 	469 82 529 101
Food 	535 82 589 101
Delights 	596 82 683 101
S	692 82 705 101
/	704 82 714 101
B	713 82 730 101
Invoice 	610 122 653 129
No	652 122 668 129
:	672 122 675 129
8978546235	681 122 747 129
Date	642 138 668 145
:	671 138 675 144
21-04-2018	680 138 741 144
Customer 	598 152 654 160
ID	657 152 668 160
:	671 152 675 160
210455	681 152 721 160
Quantity	196 218 248 226
Description	386 217 453 225
Unit 	680 217 706 224
Price	709 217 738 224
Total 	783 217 813 224
Amount	815 217 864 223
1	195 238 201 243
*	386 237 390 243
021 	390 237 405 243
LING 	408 237 428 243
FISH 	430 237 449 243
HEAD 	452 237 475 243
MEEHOON	477 237 521 243
16.90	679 237 703 243
16.90	780 238 804 243
1	195 254 201 258
COMBO 	386 253 418 258
SET	421 253 436 258
10.90	679 253 704 258
10.90	780 253 804 258
1	195 269 201 273
502 	386 267 402 274
T.YAM 	404 267 430 274
FISH 	433 267 451 274
PASTE 	454 267 481 274
M	483 267 490 274
/	490 267 495 274
HOON	496 267 521 274
11.90	679 268 703 273
11.90	780 267 804 274
1	195 284 201 289
601C 	389 283 409 288
WHITE 	411 283 439 288
COFFEE	442 283 474 288
-	476 283 478 288
COLD	478 283 501 288
4.90	678 283 697 288
4.90	779 283 799 288
1	195 299 201 303
*	386 298 390 303
029 	390 298 406 303
F.PRAWN	408 298 449 303
&	448 298 455 303
LING 	456 298 476 303
F.HEAD 	478 298 511 303
MHOON	513 298 545 303
25.90	679 298 703 304
25.90	780 298 804 304
TOTAL	682 329 725 336
$	784 330 790 335
78.50	847 331 872 336
THANK 	435 381 477 389
YOU 	480 381 506 389
FOR 	509 381 533 389
YOUR 	535 381 571 389
BUSINESS	574 381 631 389
!	631 381 634 389

INVOICE	73 44 305 97
Peach 	73 122 120 131
Kitchen	126 122 187 131
782 	71 142 100 153
W 	105 142 121 153
Hillside 	126 142 179 153
Ave. 	183 142 217 153
Ontario	222 142 277 153
, 	279 142 280 153
CA 	287 142 311 153
88212	315 142 361 153
BILL 	71 179 106 193
TO	109 179 130 192
SHIP 	349 179 386 194
TO	389 179 410 194
INVOICE 	617 179 678 194
#	684 179 693 194
8834	861 185 903 193
-	901 185 906 192
B1	907 185 923 192
INVOICE 	617 204 678 218
DATE	684 204 724 218
01/08/0020	842 209 927 218
MAXWELL 	73 205 154 214
JAMES 	158 205 214 214
HOLMES	221 205 289 214
MS	349 205 373 214
. 	375 205 377 214
NORA 	385 205 431 214
FROME	438 205 496 214
3339 	350 222 386 231
Simons 	392 222 447 231
Hollow 	452 222 502 231
Road	507 222 546 231
Middletown	349 240 433 250
, 	436 240 437 250
PA 	444 240 466 250
10940	472 240 517 250
QTY	98 317 130 331
DESCRIPTION	301 316 402 332
UNIT 	607 317 645 331
PRICE	650 317 695 331
AMOUNT	844 318 914 331
50	104 353 125 361
Appetizer 	169 353 241 364
El 	247 353 260 364
Pequinio 	267 353 331 364
& 	337 353 346 364
Street 	352 353 396 364
Tacos	402 353 446 364
5.00	662 353 697 361
250.00	859 353 916 361
30	102 384 125 391
Entree 	170 382 218 392
Smothered 	224 382 305 392
Chicken 	310 382 371 392
Tenders	375 382 437 392
6.67	662 384 696 391
200.00	859 384 914 391
20	101 414 126 422
Dessert 	168 414 231 423
Doris 	233 414 271 423
Viennese 	274 414 346 423
Table 	350 414 393 423
& 	397 414 408 423
Tiramisu	414 414 476 423
7.50	661 414 697 422
150.00	860 414 913 422
50	103 445 125 453
Side 	170 444 203 456
Orders 	208 444 258 456
El 	265 444 279 456
Pequinio 	286 444 350 456
& 	355 444 365 456
Street 	371 444 415 456
Tacos	420 444 465 456
5.00	662 445 697 453
250.00	859 445 913 453
Thank 	159 897 369 964
you	386 899 497 965
Subtotal	632 486 694 494
850.00	859 486 916 494
TAX 	610 517 643 525
12.0	648 517 679 525
%	681 517 694 525
102.00	860 517 914 525
TOTAL	640 544 695 559
$	834 543 848 561
952.00	845 543 913 561
TERMS 	520 892 573 906
& 	579 892 587 906
CONDITIONS	594 892 688 906
Payment 	519 937 586 949
is 	590 937 602 949
due 	607 937 635 949
within 	640 937 682 949
15 	688 937 704 949
days	710 937 745 949

SANPETROL 	86 76 249 90
TECHNOLOGY	258 76 446 90
San 	73 125 102 137
Petrol 	108 125 149 137
California 	155 125 226 137
12 	232 125 249 137
West 	254 125 292 137
Brooke 	298 125 349 137
Drive	356 125 393 137
, 	395 125 397 137
San 	403 125 432 137
Diego	438 125 481 137
, 	480 125 484 137
California	490 125 561 137
.	563 125 565 137
INVOICE	801 76 908 90
Bill 	70 229 99 237
To	101 229 123 237
Ship 	373 229 411 240
To	415 229 436 240
Invoice 	716 229 776 237
#	776 229 788 237
76-8711041	836 230 923 237
Invoice 	690 253 745 262
Date	751 253 787 261
14/03/1998	841 253 928 261
Due 	713 277 754 286
Date	750 277 790 286
31/07/2019	842 278 929 286
Mr.Alexander	71 250 175 258
8571 	374 249 409 260
Robert 	418 249 466 260
St. 	471 249 490 260
Howell	497 249 546 260
, 	548 249 550 260
NJ	556 249 577 260
07731	372 267 419 274
QTY	91 370 127 379
DESCRIPTION	298 370 411 379
UNIT 	587 370 625 379
PRICE	631 370 681 379
AMOUNT	777 370 853 378
3	103 402 116 410
Toshony 	160 401 225 413
Branded 	230 401 292 413
Cellphone 	299 401 372 413
(	378 401 383 413
Silver	384 401 426 413
)	425 401 429 413
100.00	641 402 695 409
300.00	859 402 913 409
1	102 434 114 442
Brixton 	161 432 211 445
Philip 	218 432 257 445
Branded 	264 432 325 445
Television 	331 432 405 445
(	412 432 416 445
Black	418 432 458 445
)	458 432 462 445
300.00	642 433 696 441
300.00	860 433 913 441
2	101 464 116 472
Brixton 	161 463 211 475
Philip 	218 463 257 475
Branded 	264 463 326 475
Television 	331 463 405 475
(	412 463 416 475
Silver	417 463 459 475
)	459 463 463 475
300.00	641 464 696 472
600.00	859 464 912 472
Subtotal	632 496 694 503
1,200.00	845 496 913 506
Tax 	622 526 653 535
4.0	654 526 680 535
%	680 526 694 535
48.00	866 527 914 535
TOTAL	616 558 694 570
$	807 556 820 572
1,248.00	820 556 912 572
Terms 	71 901 121 910
& 	126 901 138 910
Conditions	143 901 230 910
Payment 	73 922 138 934
is 	143 922 154 934
due 	160 922 187 934
within 	193 922 234 934
15 	240 922 258 934
days	264 922 298 934

RICHARD 	74 70 193 84
PEARSON	205 70 334 84
15400 	71 110 117 122
Sherman 	124 110 190 122
Way 	196 110 230 122
#	234 110 243 122
170	245 110 271 122
, 	273 110 275 122
Van 	280 110 311 122
Nuys	317 110 352 122
, 	355 110 356 122
CA	363 110 387 122
, 	387 110 389 122
91406	396 110 442 122
INVOICE	819 70 926 85
Bill 	70 215 98 223
To	101 215 124 223
MONOLITH 	72 234 159 244
FASHION	167 234 239 243
Ship 	373 214 410 225
To	415 214 436 225
3937 	375 235 411 244
DAVIS 	418 235 466 244
AVENUE	472 235 539 244
OAKLAND	376 251 453 262
, 	455 251 456 261
CA 	464 251 487 261
94612	492 251 538 261
Invoice 	717 214 778 223
#	777 214 788 223
6734	888 215 929 223
Invoice 	690 239 746 247
Date	751 239 788 247
10/10/2010	843 239 927 248
QTY	91 356 127 365
DESCRIPTION	298 356 411 364
UNIT 	587 356 625 364
PRICE	632 356 681 364
AMOUNT	777 356 853 364
2	103 387 116 395
Raw 	162 387 193 398
Edge 	200 387 237 398
T	243 387 253 398
-	254 387 258 398
Shirt	259 387 293 398
237.90	642 387 697 395
475.80	858 388 914 395
1	104 419 114 427
Skinny 	160 418 211 429
Low 	216 418 245 429
Jeans	251 418 294 429
156.20	642 419 696 427
156.20	860 418 915 427
Subtotal	632 450 694 458
632.00	860 450 915 458
Tax 	623 480 653 489
2.0	656 480 680 489
%	680 480 694 489
12.64	869 480 914 488
TOTAL	617 512 694 524
$	828 510 840 525
644.64	841 510 913 525
HAPPY 	581 848 697 866
NEW 	717 848 796 866
YEAR	813 848 903 867
and 	580 873 610 893
MERRY 	620 873 718 893
CHRISTMAS	729 873 905 893
Terms 	71 898 121 907
& 	126 898 138 907
Conditions	143 898 230 907
Payment 	73 918 138 929
is 	142 918 154 929
due 	160 918 187 929
within 	192 918 234 929
15 	240 918 258 929
days	263 918 297 929

INVOICE	60 51 267 98
FROM	60 147 98 158
Catering 	60 168 123 179
by 	128 168 146 179
The 	151 168 179 179
Mint	184 168 215 179
8948 	58 184 97 195
Edgefield 	102 184 171 195
Street 	176 184 221 195
Granger	225 184 287 195
, 	289 184 291 195
IN	298 184 312 195
46530	57 203 109 210
BILL 	359 147 391 158
TO	391 147 409 158
LANCE 	363 167 416 176
AUBREY 	422 167 491 176
TEODORO	495 167 580 176
SHIP 	646 147 676 158
TO	678 147 696 158
123 	646 168 673 179
Anywhere 	679 168 753 179
Street	759 168 803 179
, 	804 168 806 179
Any 	812 168 841 179
City	845 168 875 179
INVOICE 	61 244 112 255
#	115 244 123 255
INVOICE 	280 244 330 255
DATE	334 244 366 255
8834	57 266 101 273
-	98 266 103 273
B1	102 266 121 273
30/09/2067	279 265 362 273
DESCRIPTION	280 314 365 325
QTY	58 314 86 325
UNIT 	648 314 679 325
PRICE	682 314 719 325
AMOUNT	882 314 940 325
1	65 340 77 348
Appetizer	142 340 222 351
289.79	665 340 722 348
289.79	885 340 941 349
Entree	145 363 196 371
2	66 363 79 371
340.10	666 362 722 371
680.20	886 362 941 370
Dessert	143 385 207 393
3	66 385 79 393
230.80	665 385 721 393
692.40	886 385 942 393
Subtotal	656 416 718 425
1,662.39	872 416 942 427
Tax 	647 437 676 446
4.0	679 437 704 446
%	703 437 717 446
66.50	895 437 941 445
Total	668 460 718 470
$	850 459 860 472
1,728.89	860 459 940 472
TERMS 	60 721 99 732
& 	105 721 111 732
CONDITIONS	117 721 187 732
Payment 	61 743 126 754
is 	131 743 142 754
due 	148 743 175 754
within 	180 743 222 754
15 	228 743 245 754
days	251 743 286 754
と	893 699 998 806

NATHANIEL 	74 49 235 64
MCKENZIE	254 49 397 63
1681 	73 76 105 85
CHRISTIE 	114 76 191 85
WAY 	196 76 235 85
LOWELL	240 76 308 85
.	309 76 311 85
MASSACHUSETS	73 93 209 102
BILL 	73 148 130 160
TO	143 148 174 160
Samantha 	73 174 148 182
Griffin	153 174 196 182
QTY	89 264 142 276
DESCRIPTION	270 263 434 277
UNIT 	571 263 634 277
PRICE	647 263 716 277
AMOUNT	787 263 885 276
1	111 306 122 313
Liverworts	172 305 247 313
45.00	694 306 741 313
45.00	882 305 929 313
1	113 347 120 354
Mosses	168 346 228 354
30.00	695 346 739 354
30.00	885 346 927 354
1	110 387 121 395
Ferns 	172 387 213 396
and 	218 387 246 395
horsetail	252 387 314 395
12.00	695 387 739 395
12.00	883 387 930 395
INVOICE 	574 54 691 69
NO	709 54 744 69
. 	748 54 755 69
MN	773 54 810 69
-	815 54 831 69
098	837 54 872 69
SHIP 	353 147 406 160
TO	419 147 452 160
INVOICE 	597 147 697 160
DATE	710 147 776 160
26/12/2019	835 146 920 155
189 	353 174 380 184
Abbott 	386 174 434 184
St	439 174 455 184
, 	456 174 458 184
Carins	464 174 512 184
, 	513 174 515 184
QLD	522 174 555 184
290	350 191 383 199
Terms 	71 900 143 915
& 	160 900 171 915
Conditions	186 900 305 915
Payment 	73 930 138 941
is 	143 930 154 941
due 	160 930 186 941
within 	192 930 234 941
10 	240 930 258 941
days	263 930 298 941
Total	481 533 544 547
Subtotal	678 445 742 453
TAX 	665 478 697 487
0.3	703 478 725 487
%	726 478 740 487
87.00	878 445 924 453
$	806 532 818 549
87.26	820 532 886 549
0.26	888 478 925 486

MOLLY'S	416 124 597 146
117 	130 178 171 193
KNICKERBOCKER 	183 178 413 193
AVENUE 	420 178 530 193
WESTCHESTER 	539 178 744 193
NY 	754 178 790 193
11107	800 178 870 193
Bill 	82 336 111 345
To	116 336 140 345
Ship 	324 335 365 348
To	370 335 392 348
PHILIPPE 	86 359 159 368
STANFORD	164 359 256 368
BERNARD 	326 359 406 368
HAWKINS	413 359 489 368
Qty	90 440 120 451
Description	302 440 395 451
Unit 	634 439 674 449
Price	674 439 715 449
Amount	841 440 911 449
Branding	177 467 248 478
1	110 469 120 476
350.00	665 467 720 475
350.00	862 468 917 475
Graphic 	178 489 240 499
Design	243 489 295 499
27	108 490 130 497
55.00	675 489 720 497
1,485.00	849 488 917 499
TOTAL	84 604 184 618
408 	324 373 353 384
Quirino 	358 373 412 384
Ave. 	417 373 449 384
Fairview	456 373 518 384
. 	523 373 526 384
Lagro	532 373 574 384
Sub	325 386 353 395
. 	356 386 357 395
MNL 	364 386 399 395
PH	405 386 427 395
. 	428 386 431 395
46360	436 386 483 395
Terms 	84 895 138 905
& 	145 895 157 905
Conditions	164 895 258 905
Payment 	85 920 150 931
is 	156 920 167 931
due 	172 920 199 931
within 	205 920 246 931
15 	252 920 270 931
days	275 920 310 931
Invoice 	609 335 678 345
#	676 335 687 345
982093	857 337 915 344
Invoice 	609 357 671 367
Date	678 357 717 367
02/03/2018	831 358 916 366
Subtotal	649 533 718 543
1,835.00	848 534 917 545
TAX 	632 551 665 560
15.0	670 551 702 560
%	703 551 716 560
275.25	863 551 914 560
$	781 600 797 619
2,110.25	797 600 915 619

Invoice 	60 61 120 70
Date	126 61 164 70
13/10/2019	58 78 150 87
FLORA'S 	607 47 701 67
FLOWERS	711 47 820 67
117 	505 82 533 92
KNICKERBOCKER 	541 82 698 92
AVENUE 	704 82 779 92
WESTCHESTER	785 82 927 92
NY 	674 101 700 110
11107	704 101 756 110
BILL 	57 262 89 273
TO	89 262 108 273
Michella 	59 282 126 292
B. 	133 282 148 291
Hernandez	156 282 245 291
SHIP 	267 262 299 273
TO	301 262 318 273
YELLOWTAIL	268 282 384 291
9603 	274 298 313 309
Second 	320 298 381 309
Ave. 	386 298 422 309
Lewis	430 298 475 309
Center	268 316 323 326
. 	325 316 327 325
OH 	333 316 360 325
43035	366 316 417 325
QTY	59 387 85 398
DESCRIPTION	281 387 364 398
UNIT 	648 386 679 398
PRICE	682 386 719 397
AMOUNT	883 387 941 398
Flora'S 	149 408 204 420
Special 	210 408 270 420
Bouquet 	277 408 345 420
Inclusive	350 408 421 420
1	65 409 77 418
25.90	668 408 720 418
25.90	889 408 938 418
1	65 431 76 440
Flora'S 	149 431 204 443
Roses 	211 431 262 443
Bouquet 	269 431 337 443
Inclusive	341 431 413 443
26.25	669 431 718 440
26.25	889 431 938 440
Subtotal	645 467 718 477
52.15	893 467 940 476
TAX 	635 490 672 499
3.1	676 490 701 499
%	702 490 718 499
1.62	901 490 942 498
Total	674 512 717 522
$	883 511 893 524
53.77	893 511 940 524
Payment 	60 857 107 864
is 	110 857 117 864
due 	121 857 141 864
within 	144 857 173 864
15 	179 857 190 864
days	193 857 218 864
123456789	860 948 942 959

CREATIVE 	134 73 265 88
LABS	276 73 342 88
10401 	131 110 176 121
Bennett 	185 110 242 121
Road	247 110 286 121
, 	287 110 289 121
Fredonia 	297 110 361 121
NY 	368 110 390 121
14063	396 110 441 121
Bill 	130 191 157 199
To	161 191 185 199
JAMIE 	134 216 181 225
SANDERS	188 216 267 225
Ship 	403 190 440 201
To	444 190 465 201
Invoice 	685 190 741 199
Date	747 190 783 199
25/01/2019	843 190 929 199
103 	403 216 433 226
North 	437 216 478 226
Caroline 	484 216 545 226
St	550 216 566 226
,	567 216 569 226
Herkimer 	405 233 474 242
NY 	478 233 500 242
13350	506 233 550 242
Qty	155 312 187 323
Description	377 312 469 323
Unit 	669 312 706 321
Price	708 312 749 321
Amount	817 313 887 321
1	140 343 152 352
MOBILE 	220 343 283 352
APP 	289 343 321 352
DESIGN	328 343 390 352
500.00	721 344 773 351
500.00	866 343 918 352
MOBILE 	220 378 283 387
APP 	289 378 322 387
DEVELOPMENT	328 378 454 387
1	141 378 151 386
1,500.00	706 378 772 388
1,500.00	850 378 917 388
6 	221 413 230 422
MONTHS 	235 413 306 422
MOBILE 	313 413 375 422
APP 	380 413 414 422
MAINTENANCE	419 413 540 422
1	140 414 152 422
600.00	720 413 773 421
600.00	865 413 918 421
Terms 	132 884 182 893
& 	187 884 199 893
Conditions	204 884 291 893
Payment 	133 922 200 933
is 	204 922 215 933
due 	220 922 248 933
within 	253 922 295 933
5 	300 922 309 933
days	314 922 349 933
Subtotal	632 459 694 468
2,600.00	849 460 918 469
TAX 	619 490 652 499
3.0	656 490 679 499
%	680 490 694 499
78.00	873 491 919 499
Total	637 521 693 533
$	813 520 826 536
2,678.00	825 519 916 535

ZONE	193 113 276 128
14 	192 143 211 154
South 	217 143 259 154
Bay 	265 143 294 154
Centre 	298 143 348 154
cross 	353 143 393 154
Point 	399 143 437 154
Nashville	441 143 508 154
, 	511 143 512 154
TN	519 143 540 154
Bill 	191 223 218 232
To	221 223 244 232
Ship 	399 222 436 234
To	441 222 463 234
Invoice 	628 222 686 232
#	689 222 701 232
321	873 225 904 232
Invoice 	628 246 685 255
Date	691 246 729 255
25/08/2019	819 247 904 256
P.O.	627 269 663 279
#	662 269 675 279
32189	854 270 905 277
Due 	625 292 665 302
Date	665 292 706 302
28/08/2019	818 293 903 302
Ina 	193 248 216 255
Moran	218 248 268 255
P.O. 	400 247 433 257
Box 	439 247 468 257
929 	471 247 500 257
4189 	504 247 541 257
Nunc	547 247 585 257
Road	397 263 440 271
Lebanon 	399 278 465 287
KY 	469 278 493 287
69409	497 278 543 287
Qty	198 333 230 345
Description	371 333 464 345
Unit 	651 333 688 343
Price	690 333 731 343
Amount	829 333 896 343
1	218 361 230 369
Sneakers 	276 359 346 369
Black 	352 359 393 369
/ 	396 359 403 369
40	406 359 426 369
59.99	691 360 736 369
59.99	860 360 905 369
2	218 381 231 389
Neon 	274 381 315 390
Green 	319 381 367 390
Shirt 	372 381 405 390
/ 	410 381 415 390
S	421 381 430 390
60.00	690 381 735 390
120.00	850 381 904 389
Subtotal	666 430 734 439
179.99	850 431 905 439
Tax 	661 451 693 460
0.1	695 451 719 460
%	719 451 734 460
0.06	868 451 906 459
Total	199 489 243 498
$	827 489 838 501
180.05	838 489 895 501
Terms 	193 905 244 916
& 	251 905 261 916
Conditions	269 905 355 916
Payment 	194 928 259 941
is 	265 928 276 940
due 	281 928 309 941
within 	314 929 355 941
15 	362 929 379 941
days	385 929 419 941

BOB'S 	346 124 471 147
BURGER	488 124 671 147
Greendale 	117 178 244 195
Complex 	254 178 359 195
42 	366 178 396 195
West 	404 178 465 195
Arch 	472 178 525 195
Drive 	537 178 596 195
Windermere	606 178 749 195
, 	753 178 757 195
FL 	768 178 797 195
34786	806 178 878 195
Bill 	82 336 113 345
To	116 336 140 345
Ship 	323 335 366 348
To	370 335 393 348
Makayla	81 359 146 369
80 	325 359 345 370
Town 	349 359 389 370
Line 	395 359 426 370
Rd	432 359 452 370
, 	453 359 456 370
Rocky 	463 359 508 370
Hill 	514 359 536 370
CT	541 359 564 370
6067	323 373 362 381
Invoice 	609 335 678 345
#	676 335 687 345
00189	866 336 917 345
Invoice 	609 357 672 367
Date	678 357 717 367
08/12/2018	830 358 917 366
Qty	89 440 121 451
Description	302 440 395 451
Unit 	634 439 673 449
Price	673 439 714 448
Amount	841 440 911 449
5	110 468 121 475
BLT 	180 467 211 478
Regular 	217 467 277 478
Burger	279 467 330 478
185.00	664 467 719 476
925.00	862 467 917 476
5	110 489 121 497
Large 	179 488 222 499
Flavored 	229 488 292 499
Fries	299 488 334 499
125.00	665 489 719 497
625.00	862 488 916 497
5	110 511 121 518
Tomato 	179 510 237 521
Spaghetti	242 510 311 521
200.00	663 511 720 518
1,000.00	850 510 915 520
TOTAL	83 625 184 640
Terms 	84 895 138 905
& 	145 895 157 905
Conditions	164 895 258 905
Payment 	85 920 151 931
is 	156 920 167 931
due 	172 920 199 931
within 	205 920 246 931
5 	252 920 261 931
days	265 920 301 931
Subtotal	650 555 716 564
2,550.00	847 556 917 566
TAX 	642 573 675 582
0.5	680 573 703 582
%	703 573 717 582
12.75	872 573 916 581
$	782 621 797 641
2,562.75	797 621 914 641

