Psyche 	154 37 332 72	794 1123	INV001.jpg
Media 	350 37 517 71	794 1123	INV001.jpg
Inc.	530 37 625 71	794 1123	INV001.jpg
ΝΟ	64 147 120 165	794 1123	INV001.jpg
. 	128 147 132 164	794 1123	INV001.jpg
0123456	157 147 324 164	794 1123	INV001.jpg
BILLED 	61 242 146 252	794 1123	INV001.jpg
TO	156 242 182 252	794 1123	INV001.jpg
MR	64 270 110 285	794 1123	INV001.jpg
. 	115 270 119 284	794 1123	INV001.jpg
JAMES 	139 270 251 284	794 1123	INV001.jpg
HOLDEN	268 270 404 284	794 1123	INV001.jpg
(	61 300 74 309	794 1123	INV001.jpg
229	68 300 100 309	794 1123	INV001.jpg
) 	98 300 107 309	794 1123	INV001.jpg
467-2095	108 300 187 309	794 1123	INV001.jpg
j.holden@mail.com	59 316 214 326	794 1123	INV001.jpg
21 	60 332 86 342	794 1123	INV001.jpg
Lexington 	86 332 164 341	794 1123	INV001.jpg
Rd	171 332 193 341	794 1123	INV001.jpg
, 	193 332 196 341	794 1123	INV001.jpg
Warsaw	202 332 267 341	794 1123	INV001.jpg
, 	265 332 269 341	794 1123	INV001.jpg
NY	277 332 301 341	794 1123	INV001.jpg
PAYMENT 	65 385 171 395	794 1123	INV001.jpg
DETAILS	182 385 277 394	794 1123	INV001.jpg
PSYCHE 	66 414 197 429	794 1123	INV001.jpg
MEDIA 	215 414 321 428	794 1123	INV001.jpg
INC	338 414 392 428	794 1123	INV001.jpg
.	399 414 403 428	794 1123	INV001.jpg
Account 	61 444 127 454	794 1123	INV001.jpg
Name	130 444 177 453	794 1123	INV001.jpg
: 	177 444 183 453	794 1123	INV001.jpg
Psyche 	190 444 246 453	794 1123	INV001.jpg
Media 	250 444 301 453	794 1123	INV001.jpg
Inc.	306 444 335 453	794 1123	INV001.jpg
Account 	60 460 130 469	794 1123	INV001.jpg
Number	130 460 195 468	794 1123	INV001.jpg
: 	193 460 198 468	794 1123	INV001.jpg
139-4944-3	206 460 295 468	794 1123	INV001.jpg
Bank	61 476 103 485	794 1123	INV001.jpg
: 	100 476 108 484	794 1123	INV001.jpg
Executive 	113 476 191 484	794 1123	INV001.jpg
Bank	197 476 236 484	794 1123	INV001.jpg
ISSUED 	65 529 146 539	794 1123	INV001.jpg
ON	157 529 186 539	794 1123	INV001.jpg
18 	62 548 90 557	794 1123	INV001.jpg
SEPTEMBER 	99 548 235 557	794 1123	INV001.jpg
2002	246 548 297 557	794 1123	INV001.jpg
DESCRIPTION	61 601 201 609	794 1123	INV001.jpg
RATE	390 601 445 609	794 1123	INV001.jpg
HOUR	515 600 574 609	794 1123	INV001.jpg
PRICE	641 601 704 609	794 1123	INV001.jpg
Website 	60 645 137 657	794 1123	INV001.jpg
design	142 645 200 657	794 1123	INV001.jpg
$	386 645 401 654	794 1123	INV001.jpg
20.00	397 645 452 654	794 1123	INV001.jpg
100	513 646 549 654	794 1123	INV001.jpg
$	641 646 653 654	794 1123	INV001.jpg
2,000.00	649 646 730 654	794 1123	INV001.jpg
Logo 	62 665 108 676	794 1123	INV001.jpg
design	110 665 173 676	794 1123	INV001.jpg
$	387 666 403 674	794 1123	INV001.jpg
10.00	396 666 450 674	794 1123	INV001.jpg
75	513 665 539 674	794 1123	INV001.jpg
$	639 665 654 673	794 1123	INV001.jpg
750.00	651 665 715 673	794 1123	INV001.jpg
Branding	60 685 147 697	794 1123	INV001.jpg
$	387 684 403 693	794 1123	INV001.jpg
40.00	394 684 452 693	794 1123	INV001.jpg
100	513 684 549 693	794 1123	INV001.jpg
$	641 685 654 694	794 1123	INV001.jpg
4,000.00	647 684 729 693	794 1123	INV001.jpg
Marketing 	60 705 152 715	794 1123	INV001.jpg
Collaterals	154 705 254 715	794 1123	INV001.jpg
$	387 705 401 712	794 1123	INV001.jpg
15.00	397 705 449 712	794 1123	INV001.jpg
75	515 706 537 712	794 1123	INV001.jpg
$	639 705 652 713	794 1123	INV001.jpg
1,125.00	644 705 731 713	794 1123	INV001.jpg
Event 	61 724 120 734	794 1123	INV001.jpg
Mock	118 724 170 734	794 1123	INV001.jpg
-	168 724 173 734	794 1123	INV001.jpg
ups	173 724 207 734	794 1123	INV001.jpg
$	387 723 403 732	794 1123	INV001.jpg
15.00	399 723 453 732	794 1123	INV001.jpg
75	513 723 537 731	794 1123	INV001.jpg
$	641 724 653 732	794 1123	INV001.jpg
1,125.00	648 724 730 732	794 1123	INV001.jpg
Thank 	56 883 190 936	794 1123	INV001.jpg
you	191 883 272 936	794 1123	INV001.jpg
!	273 883 289 936	794 1123	INV001.jpg
TOTAL 	442 772 508 781	794 1123	INV001.jpg
AMOUNT	517 772 603 781	794 1123	INV001.jpg
$	639 771 653 780	794 1123	INV001.jpg
9,000	648 771 702 780	794 1123	INV001.jpg
TAX 	498 793 540 804	794 1123	INV001.jpg
(	545 793 554 804	794 1123	INV001.jpg
10	554 793 579 804	794 1123	INV001.jpg
%	579 793 594 804	794 1123	INV001.jpg
)	595 793 603 804	794 1123	INV001.jpg
$	641 792 654 799	794 1123	INV001.jpg
900	648 792 686 799	794 1123	INV001.jpg
AMOUNT 	465 813 552 821	794 1123	INV001.jpg
DUE	562 813 602 821	794 1123	INV001.jpg
$	639 812 654 821	794 1123	INV001.jpg
9,900	648 811 704 820	794 1123	INV001.jpg

D'CANOPY	248 94 749 170	794 1123	INV022.jpg
CLOTHING 	351 205 488 220	794 1123	INV022.jpg
COMPANY	505 205 638 219	794 1123	INV022.jpg
ISSUED 	124 300 200 310	794 1123	INV022.jpg
TO	211 300 238 309	794 1123	INV022.jpg
INVOICE 	406 300 499 310	794 1123	INV022.jpg
NO	510 300 539 309	794 1123	INV022.jpg
.	544 300 547 309	794 1123	INV022.jpg
Norma 	117 327 178 341	794 1123	INV022.jpg
R. 	183 327 201 341	794 1123	INV022.jpg
Dunlap	206 327 268 341	794 1123	INV022.jpg
2019-2201	403 327 494 337	794 1123	INV022.jpg
DATE 	682 300 736 310	794 1123	INV022.jpg
ISSUED	748 300 823 309	794 1123	INV022.jpg
02/07/2018	677 326 790 339	794 1123	INV022.jpg
DESCRIPTION	118 424 236 432	794 1123	INV022.jpg
QTY	510 422 550 431	794 1123	INV022.jpg
PRICE	641 423 693 431	794 1123	INV022.jpg
TOTAL	807 423 867 431	794 1123	INV022.jpg
Off	115 465 171 475	794 1123	INV022.jpg
the	142 465 188 475	794 1123	INV022.jpg
-	146 465 153 475	794 1123	INV022.jpg
-	177 465 185 475	794 1123	INV022.jpg
shoulder 	182 465 250 475	794 1123	INV022.jpg
blouse	255 465 307 475	794 1123	INV022.jpg
1	527 469 536 475	794 1123	INV022.jpg
$	648 468 666 476	794 1123	INV022.jpg
120	657 468 688 476	794 1123	INV022.jpg
$	827 465 846 476	794 1123	INV022.jpg
120	833 464 869 475	794 1123	INV022.jpg
Long 	115 514 157 528	794 1123	INV022.jpg
sleeve 	158 514 211 527	794 1123	INV022.jpg
bloue	214 514 256 527	794 1123	INV022.jpg
1	527 517 536 524	794 1123	INV022.jpg
$	649 515 666 524	794 1123	INV022.jpg
160	658 515 690 524	794 1123	INV022.jpg
$	827 514 843 524	794 1123	INV022.jpg
160	837 514 869 524	794 1123	INV022.jpg
Ruffle 	115 564 172 574	794 1123	INV022.jpg
blouse	168 564 221 574	794 1123	INV022.jpg
1	528 566 535 573	794 1123	INV022.jpg
$	646 564 662 573	794 1123	INV022.jpg
200	656 564 692 573	794 1123	INV022.jpg
$	824 565 840 573	794 1123	INV022.jpg
200	835 565 869 573	794 1123	INV022.jpg
Fine	115 611 164 624	794 1123	INV022.jpg
-	149 611 158 623	794 1123	INV022.jpg
knit 	156 611 191 623	794 1123	INV022.jpg
cardigan	191 611 263 623	794 1123	INV022.jpg
1	528 614 537 620	794 1123	INV022.jpg
$	654 613 667 621	794 1123	INV022.jpg
90	663 613 686 621	794 1123	INV022.jpg
$	836 612 850 621	794 1123	INV022.jpg
90	847 612 870 621	794 1123	INV022.jpg
ACCOUNT 	120 820 229 829	794 1123	INV022.jpg
NAME	240 820 299 829	794 1123	INV022.jpg
Mark 	118 846 164 857	794 1123	INV022.jpg
Darwin	168 846 229 856	794 1123	INV022.jpg
ACCOUNT 	122 880 230 890	794 1123	INV022.jpg
NAME	240 880 299 889	794 1123	INV022.jpg
5319 	122 908 159 918	794 1123	INV022.jpg
9046 	166 908 209 917	794 1123	INV022.jpg
6550 	216 908 258 917	794 1123	INV022.jpg
1670	265 908 302 917	794 1123	INV022.jpg
TOTAL 	589 682 642 691	794 1123	INV022.jpg
AMOUNT	648 682 722 691	794 1123	INV022.jpg
$	826 682 843 691	794 1123	INV022.jpg
570	838 682 875 691	794 1123	INV022.jpg
TAX	688 715 724 724	794 1123	INV022.jpg
6	848 715 863 724	794 1123	INV022.jpg
%	856 714 874 723	794 1123	INV022.jpg
AMOUNT 	600 743 682 752	794 1123	INV022.jpg
DUE	688 743 724 752	794 1123	INV022.jpg
$	823 742 841 753	794 1123	INV022.jpg
604	833 742 876 753	794 1123	INV022.jpg

INVOICE	36 138 182 155	794 1123	INV056.jpg
1000-001	31 168 120 178	794 1123	INV056.jpg
DUFFY	225 11 492 56	794 1123	INV056.jpg
MEN 	234 86 299 102	794 1123	INV056.jpg
CLOTHING	313 86 477 101	794 1123	INV056.jpg
NO	54 229 86 240	794 1123	INV056.jpg
.	84 229 91 240	794 1123	INV056.jpg
ITEM 	171 229 211 240	794 1123	INV056.jpg
DESCRIPTON	219 229 332 240	794 1123	INV056.jpg
QTY	496 230 539 240	794 1123	INV056.jpg
PRICE	600 230 657 240	794 1123	INV056.jpg
01	54 319 78 330	794 1123	INV056.jpg
Wide 	166 320 221 330	794 1123	INV056.jpg
Cut 	217 320 249 330	794 1123	INV056.jpg
Sweatshirt	251 320 341 330	794 1123	INV056.jpg
01	520 319 541 329	794 1123	INV056.jpg
$	590 321 604 330	794 1123	INV056.jpg
100.00	599 320 654 329	794 1123	INV056.jpg
02	54 352 80 361	794 1123	INV056.jpg
Hooded 	164 350 236 365	794 1123	INV056.jpg
Running 	235 350 304 364	794 1123	INV056.jpg
Jacket	309 350 363 364	794 1123	INV056.jpg
02	515 353 541 361	794 1123	INV056.jpg
$	590 353 604 362	794 1123	INV056.jpg
120.00	599 353 654 362	794 1123	INV056.jpg
ISSUED 	59 646 133 658	794 1123	INV056.jpg
TO	139 646 168 658	794 1123	INV056.jpg
:	170 646 177 658	794 1123	INV056.jpg
MARK 	55 667 125 680	794 1123	INV056.jpg
SISON	130 667 198 679	794 1123	INV056.jpg
(	54 704 66 716	794 1123	INV056.jpg
813	57 704 89 716	794 1123	INV056.jpg
) 	83 704 91 716	794 1123	INV056.jpg
956-3510	98 704 175 716	794 1123	INV056.jpg
602 	55 723 94 731	794 1123	INV056.jpg
COLLINS 	94 723 171 731	794 1123	INV056.jpg
STREET	176 723 239 731	794 1123	INV056.jpg
TAMPA	56 740 120 751	794 1123	INV056.jpg
, 	119 740 124 750	794 1123	INV056.jpg
FL 	130 740 149 750	794 1123	INV056.jpg
33619	154 740 200 750	794 1123	INV056.jpg
SUB 	454 486 491 495	794 1123	INV056.jpg
TOTAL	492 486 552 495	794 1123	INV056.jpg
$	613 486 627 494	794 1123	INV056.jpg
220	622 486 656 494	794 1123	INV056.jpg
TAX	513 519 550 528	794 1123	INV056.jpg
0.6	613 519 643 528	794 1123	INV056.jpg
%	638 519 656 528	794 1123	INV056.jpg
TOTAL	489 551 551 560	794 1123	INV056.jpg
$	604 551 623 561	794 1123	INV056.jpg
246	613 551 657 561	794 1123	INV056.jpg
D	832 60 882 89	794 1123	INV056.jpg
(	785 916 801 927	794 1123	INV056.jpg
972	793 916 836 927	794 1123	INV056.jpg
) 	826 916 836 927	794 1123	INV056.jpg
815-9250	840 916 926 927	794 1123	INV056.jpg
054 	774 934 817 944	794 1123	INV056.jpg
ASH 	819 934 861 944	794 1123	INV056.jpg
STREET	869 934 938 944	794 1123	INV056.jpg
DALLAS	768 951 845 964	794 1123	INV056.jpg
, 	845 951 850 963	794 1123	INV056.jpg
TX 	857 951 884 963	794 1123	INV056.jpg
75207	889 951 944 963	794 1123	INV056.jpg

NATHANIEL	219 18 697 52	794 1123	INV089.jpg
MCKENZIE	215 76 647 110	794 1123	INV089.jpg
1681 	212 122 259 132	794 1123	INV089.jpg
CHRISTIE 	269 122 374 131	794 1123	INV089.jpg
WAY	384 122 434 131	794 1123	INV089.jpg
LOWELL	214 137 301 148	794 1123	INV089.jpg
, 	303 137 307 147	794 1123	INV089.jpg
MASSACHUSETS	318 137 494 147	794 1123	INV089.jpg
Client 	250 221 348 237	794 1123	INV089.jpg
Information	360 221 541 237	794 1123	INV089.jpg
:	544 221 552 237	794 1123	INV089.jpg
Samantha 	254 263 377 277	794 1123	INV089.jpg
Griffin	390 263 476 276	794 1123	INV089.jpg
Invoice 	722 136 787 147	794 1123	INV089.jpg
No. 	792 136 821 146	794 1123	INV089.jpg
MN	828 136 857 146	794 1123	INV089.jpg
-	858 136 863 146	794 1123	INV089.jpg
098	866 136 897 146	794 1123	INV089.jpg
18-01-2001	793 152 899 160	794 1123	INV089.jpg
ITEM 	267 381 324 393	794 1123	INV089.jpg
DESCRIPTION	337 381 507 393	794 1123	INV089.jpg
QTY	607 382 661 394	794 1123	INV089.jpg
PRICE	842 382 918 393	794 1123	INV089.jpg
Liverworts	263 434 358 443	794 1123	INV089.jpg
01	603 435 625 443	794 1123	INV089.jpg
$	853 435 869 445	794 1123	INV089.jpg
45.00	861 434 918 444	794 1123	INV089.jpg
Mosses	261 455 328 463	794 1123	INV089.jpg
03	604 455 628 463	794 1123	INV089.jpg
$	853 456 869 465	794 1123	INV089.jpg
30.00	863 455 916 464	794 1123	INV089.jpg
Ferns 	264 474 312 484	794 1123	INV089.jpg
and 	317 474 348 483	794 1123	INV089.jpg
horsetail	355 474 434 483	794 1123	INV089.jpg
01	603 476 627 483	794 1123	INV089.jpg
$	853 477 869 487	794 1123	INV089.jpg
12.00	862 476 918 486	794 1123	INV089.jpg
PAYMENT 	256 649 377 662	794 1123	INV089.jpg
METHOD	386 649 491 662	794 1123	INV089.jpg
SUBTOTAL	615 649 748 661	794 1123	INV089.jpg
$	836 652 850 662	794 1123	INV089.jpg
87.99	850 651 916 661	794 1123	INV089.jpg
SHIPPING	617 670 738 682	794 1123	INV089.jpg
$	836 671 851 682	794 1123	INV089.jpg
20.00	851 671 918 682	794 1123	INV089.jpg
TOTAL	615 691 696 702	794 1123	INV089.jpg
$	836 691 851 701	794 1123	INV089.jpg
97.99	852 691 919 701	794 1123	INV089.jpg
Cash 	251 675 297 686	794 1123	INV089.jpg
on 	302 675 324 686	794 1123	INV089.jpg
delivery	328 675 401 686	794 1123	INV089.jpg
THANK	725 844 934 870	794 1123	INV089.jpg
YOU	775 882 909 912	794 1123	INV089.jpg
!	909 882 929 912	794 1123	INV089.jpg

COOKIES	314 67 680 109	794 1123	INV111.jpg
BY 	415 133 454 147	794 1123	INV111.jpg
CHARLIE	459 133 579 146	794 1123	INV111.jpg
260 	328 162 365 177	794 1123	INV111.jpg
Quad 	365 162 414 176	794 1123	INV111.jpg
Oak 	416 162 453 176	794 1123	INV111.jpg
Dr	457 162 476 176	794 1123	INV111.jpg
, 	476 162 479 176	794 1123	INV111.jpg
Mount 	486 162 536 176	794 1123	INV111.jpg
Juliet	539 162 578 176	794 1123	INV111.jpg
, 	578 162 581 176	794 1123	INV111.jpg
TN	584 162 610 176	794 1123	INV111.jpg
, 	612 162 615 176	794 1123	INV111.jpg
37122	620 162 663 176	794 1123	INV111.jpg
MS	83 264 118 278	794 1123	INV111.jpg
. 	120 264 123 278	794 1123	INV111.jpg
OLIVIA 	132 264 212 278	794 1123	INV111.jpg
W. 	222 264 250 278	794 1123	INV111.jpg
ADAMS	260 264 342 278	794 1123	INV111.jpg
246 	80 285 115 299	794 1123	INV111.jpg
5th 	118 285 143 299	794 1123	INV111.jpg
Ave. 	147 285 185 299	794 1123	INV111.jpg
New 	188 285 227 299	794 1123	INV111.jpg
York	231 285 265 299	794 1123	INV111.jpg
, 	267 285 270 299	794 1123	INV111.jpg
NY	275 285 303 299	794 1123	INV111.jpg
INVOICE	636 265 734 277	794 1123	INV111.jpg
Number 	632 286 700 298	794 1123	INV111.jpg
760 	702 286 735 298	794 1123	INV111.jpg
982 	740 286 769 298	794 1123	INV111.jpg
11	774 286 783 298	794 1123	INV111.jpg
PRODUCT 	112 381 185 390	794 1123	INV111.jpg
DESCRIPTION	190 381 293 390	794 1123	INV111.jpg
QTY	459 381 496 390	794 1123	INV111.jpg
PRICE	605 381 653 390	794 1123	INV111.jpg
TOTAL	754 380 813 390	794 1123	INV111.jpg
Chocolate 	109 424 201 439	794 1123	INV111.jpg
Chip	188 424 230 439	794 1123	INV111.jpg
12	462 426 482 437	794 1123	INV111.jpg
$	610 426 624 436	794 1123	INV111.jpg
5	627 426 641 436	794 1123	INV111.jpg
$ 	755 425 773 437	794 1123	INV111.jpg
60	772 424 798 436	794 1123	INV111.jpg
Toffee 	109 443 168 455	794 1123	INV111.jpg
Crunch	163 443 221 455	794 1123	INV111.jpg
12	462 444 482 455	794 1123	INV111.jpg
$	609 443 623 455	794 1123	INV111.jpg
5	628 443 639 455	794 1123	INV111.jpg
$	759 443 770 455	794 1123	INV111.jpg
60	775 443 797 455	794 1123	INV111.jpg
Peanut 	112 460 166 473	794 1123	INV111.jpg
Butter 	167 460 216 472	794 1123	INV111.jpg
Combo	220 460 274 472	794 1123	INV111.jpg
6	464 463 477 471	794 1123	INV111.jpg
$	610 461 623 472	794 1123	INV111.jpg
5	628 461 641 472	794 1123	INV111.jpg
$ 	755 461 773 472	794 1123	INV111.jpg
30	774 460 799 471	794 1123	INV111.jpg
Cinnamon 	110 479 192 490	794 1123	INV111.jpg
Butter	191 479 241 490	794 1123	INV111.jpg
3	464 480 477 489	794 1123	INV111.jpg
$	608 479 624 489	794 1123	INV111.jpg
5	627 479 641 489	794 1123	INV111.jpg
$	756 479 772 491	794 1123	INV111.jpg
15	772 478 792 490	794 1123	INV111.jpg
PAYABLE 	85 762 183 775	794 1123	INV111.jpg
TO	192 762 224 774	794 1123	INV111.jpg
Olivia 	81 789 129 803	794 1123	INV111.jpg
W. 	130 789 157 802	794 1123	INV111.jpg
Adams	161 789 215 802	794 1123	INV111.jpg
(	80 808 94 821	794 1123	INV111.jpg
04	89 807 114 821	794 1123	INV111.jpg
) 	110 807 119 821	794 1123	INV111.jpg
298 	123 807 153 821	794 1123	INV111.jpg
1092 	157 807 195 821	794 1123	INV111.jpg
0595	196 807 240 821	794 1123	INV111.jpg
+76 	80 827 112 838	794 1123	INV111.jpg
209 	115 827 147 837	794 1123	INV111.jpg
2874 	152 827 191 837	794 1123	INV111.jpg
0192	195 827 230 837	794 1123	INV111.jpg
oliviadams@email.com	81 843 253 857	794 1123	INV111.jpg
BANK 	83 890 147 903	794 1123	INV111.jpg
DETAILS	153 890 248 902	794 1123	INV111.jpg
Olivia 	79 918 128 931	794 1123	INV111.jpg
W. 	130 918 156 930	794 1123	INV111.jpg
Adams	161 918 215 930	794 1123	INV111.jpg
Account 	79 936 156 949	794 1123	INV111.jpg
Number	148 936 216 949	794 1123	INV111.jpg
: 	211 936 217 949	794 1123	INV111.jpg
2220 	222 936 263 949	794 1123	INV111.jpg
022 	267 936 299 949	794 1123	INV111.jpg
1223 	301 936 337 949	794 1123	INV111.jpg
1092	342 936 379 949	794 1123	INV111.jpg
SUBTOTAL	460 573 560 584	794 1123	INV111.jpg
$ 	755 572 769 583	794 1123	INV111.jpg
165	773 572 799 583	794 1123	INV111.jpg
GRAND 	462 590 526 601	794 1123	INV111.jpg
TOTAL	532 590 595 601	794 1123	INV111.jpg
$ 	756 590 769 601	794 1123	INV111.jpg
165	770 589 798 601	794 1123	INV111.jpg

HEADWAY	68 58 258 76	794 1123	INV145.jpg
CLOTHING	65 90 255 110	794 1123	INV145.jpg
CO	65 122 127 143	794 1123	INV145.jpg
.	123 122 138 142	794 1123	INV145.jpg
DECEMBER 	103 223 303 243	794 1123	INV145.jpg
16 	311 223 352 242	794 1123	INV145.jpg
2002	363 223 465 242	794 1123	INV145.jpg
SALES	764 60 952 89	794 1123	INV145.jpg
INVOICE	707 110 948 140	794 1123	INV145.jpg
No. 	756 163 793 176	794 1123	INV145.jpg
122035-1254	802 163 947 176	794 1123	INV145.jpg
QTY	171 315 245 335	794 1123	INV145.jpg
DESCRIPTION	306 315 513 333	794 1123	INV145.jpg
PRICE	568 316 659 333	794 1123	INV145.jpg
TOTAL	725 317 829 333	794 1123	INV145.jpg
02	171 365 207 377	794 1123	INV145.jpg
BOOTS	306 365 397 378	794 1123	INV145.jpg
500.00	566 365 661 377	794 1123	INV145.jpg
1000.00	722 365 827 378	794 1123	INV145.jpg
SOLD 	142 658 235 676	794 1123	INV145.jpg
TO	243 658 289 676	794 1123	INV145.jpg
:	288 658 299 676	794 1123	INV145.jpg
Zooey 	141 691 221 708	794 1123	INV145.jpg
Barnes	219 691 308 707	794 1123	INV145.jpg
5504 	146 717 209 729	794 1123	INV145.jpg
3931 	215 717 263 729	794 1123	INV145.jpg
9409 	272 717 331 729	794 1123	INV145.jpg
4164	337 717 396 729	794 1123	INV145.jpg
TOTAL	596 512 686 526	794 1123	INV145.jpg
: 	687 512 695 525	794 1123	INV145.jpg
1000.00	719 512 827 525	794 1123	INV145.jpg
88 	507 691 539 705	794 1123	INV145.jpg
Lee 	545 691 585 705	794 1123	INV145.jpg
Avenue	589 691 680 705	794 1123	INV145.jpg
Maple 	505 715 591 733	794 1123	INV145.jpg
Shade	586 715 659 733	794 1123	INV145.jpg
, 	659 715 666 733	794 1123	INV145.jpg
NJ 	673 715 705 733	794 1123	INV145.jpg
08052	710 715 787 733	794 1123	INV145.jpg
THANK 	311 830 520 861	794 1123	INV145.jpg
YOU	530 830 661 861	794 1123	INV145.jpg
!	666 830 681 861	794 1123	INV145.jpg
+	397 899 431 911	794 1123	INV145.jpg
1-417-330-6297	410 899 593 911	794 1123	INV145.jpg
2445 	249 923 317 940	794 1123	INV145.jpg
Lighthouse 	321 923 447 940	794 1123	INV145.jpg
Drive 	453 923 513 940	794 1123	INV145.jpg
Branson	520 923 612 940	794 1123	INV145.jpg
, 	613 923 618 940	794 1123	INV145.jpg
MO 	625 923 668 940	794 1123	INV145.jpg
65616	675 923 743 940	794 1123	INV145.jpg
info@headwayclothing.com	341 948 653 966	794 1123	INV145.jpg

99 	53 109 69 120	1758 2275	INV180.jpg
SPEED 	71 109 109 120	1758 2275	INV180.jpg
MART 	113 109 149 120	1758 2275	INV180.jpg
S	152 109 159 120	1758 2275	INV180.jpg
/	158 109 165 120	1758 2275	INV180.jpg
B 	166 109 173 120	1758 2275	INV180.jpg
(	176 109 180 120	1758 2275	INV180.jpg
519537	181 109 224 120	1758 2275	INV180.jpg
-	225 109 229 120	1758 2275	INV180.jpg
X	228 109 238 120	1758 2275	INV180.jpg
)	236 109 240 120	1758 2275	INV180.jpg
LOT 	344 124 362 131	1758 2275	INV180.jpg
P.T. 	365 124 381 131	1758 2275	INV180.jpg
33198	384 124 414 131	1758 2275	INV180.jpg
, 	413 124 415 131	1758 2275	INV180.jpg
BATU 	419 124 443 131	1758 2275	INV180.jpg
4 	446 124 452 131	1758 2275	INV180.jpg
JALAN 	455 124 483 131	1758 2275	INV180.jpg
KAPAR	486 124 517 131	1758 2275	INV180.jpg
,	517 124 519 131	1758 2275	INV180.jpg
MUKIN 	344 135 376 142	1758 2275	INV180.jpg
KAPAR 	379 135 410 142	1758 2275	INV180.jpg
42100 	412 135 441 142	1758 2275	INV180.jpg
KLANG	444 135 476 142	1758 2275	INV180.jpg
, 	475 135 478 142	1758 2275	INV180.jpg
SELANGOR	481 135 531 142	1758 2275	INV180.jpg
Invoice 	470 148 516 156	1758 2275	INV180.jpg
#	515 148 524 155	1758 2275	INV180.jpg
:	523 148 526 155	1758 2275	INV180.jpg
17545	545 147 576 154	1758 2275	INV180.jpg
/	576 147 581 154	1758 2275	INV180.jpg
102	578 147 598 154	1758 2275	INV180.jpg
/	597 147 603 154	1758 2275	INV180.jpg
T0040	603 147 633 154	1758 2275	INV180.jpg
Invoice 	449 166 492 173	1758 2275	INV180.jpg
Date	495 166 523 173	1758 2275	INV180.jpg
:	524 166 527 173	1758 2275	INV180.jpg
13-01-16	546 165 589 171	1758 2275	INV180.jpg
Item 	80 223 102 228	1758 2275	INV180.jpg
#	103 223 112 228	1758 2275	INV180.jpg
Description	204 223 262 230	1758 2275	INV180.jpg
Qty	426 223 446 229	1758 2275	INV180.jpg
Unit 	565 223 588 228	1758 2275	INV180.jpg
Price	591 223 614 228	1758 2275	INV180.jpg
1	92 248 100 254	1758 2275	INV180.jpg
9500 	153 248 176 254	1758 2275	INV180.jpg
MASSIMO 	179 248 225 254	1758 2275	INV180.jpg
WHEAT 	228 248 263 254	1758 2275	INV180.jpg
GERM 	266 248 294 254	1758 2275	INV180.jpg
400	296 248 313 254	1758 2275	INV180.jpg
4	432 249 441 254	1758 2275	INV180.jpg
2.25	579 248 602 254	1758 2275	INV180.jpg
2	92 272 100 277	1758 2275	INV180.jpg
1988 	160 271 183 277	1758 2275	INV180.jpg
PANTENE 	187 271 230 277	1758 2275	INV180.jpg
HAIR 	232 271 254 277	1758 2275	INV180.jpg
FALL 	258 271 278 277	1758 2275	INV180.jpg
CONT	282 271 308 277	1758 2275	INV180.jpg
1	433 272 441 277	1758 2275	INV180.jpg
10.95	576 271 605 277	1758 2275	INV180.jpg
3	91 295 100 300	1758 2275	INV180.jpg
739 	157 294 175 300	1758 2275	INV180.jpg
PANTENE 	177 294 220 300	1758 2275	INV180.jpg
TTL 	222 294 238 300	1758 2275	INV180.jpg
DAMAGE 	242 294 283 300	1758 2275	INV180.jpg
CARE	286 294 310 300	1758 2275	INV180.jpg
3	432 295 441 300	1758 2275	INV180.jpg
10.95	576 294 604 300	1758 2275	INV180.jpg
4	91 312 100 317	1758 2275	INV180.jpg
1817 	167 311 189 317	1758 2275	INV180.jpg
AJI	192 311 204 317	1758 2275	INV180.jpg
-	205 311 208 317	1758 2275	INV180.jpg
SHIO 	209 311 232 317	1758 2275	INV180.jpg
BLACK 	234 311 264 317	1758 2275	INV180.jpg
PEPPER	266 311 300 317	1758 2275	INV180.jpg
2	433 312 441 317	1758 2275	INV180.jpg
5.75	580 312 601 317	1758 2275	INV180.jpg
Invoice 	468 355 503 361	1758 2275	INV180.jpg
Subtotal	505 355 543 361	1758 2275	INV180.jpg
29.9	604 355 626 360	1758 2275	INV180.jpg
Tax 	502 373 520 378	1758 2275	INV180.jpg
Rate	522 373 545 378	1758 2275	INV180.jpg
9	611 373 620 379	1758 2275	INV180.jpg
%	616 373 626 379	1758 2275	INV180.jpg
TOTAL	513 398 543 403	1758 2275	INV180.jpg
45.9	603 397 626 403	1758 2275	INV180.jpg
MAKE 	51 416 80 424	1758 2275	INV180.jpg
ALL 	83 416 99 424	1758 2275	INV180.jpg
CHECKS 	102 416 138 424	1758 2275	INV180.jpg
PAYABLE 	141 416 180 424	1758 2275	INV180.jpg
TO 	183 416 196 424	1758 2275	INV180.jpg
99 	201 416 213 424	1758 2275	INV180.jpg
SPEED 	216 416 244 424	1758 2275	INV180.jpg
MART 	248 416 275 424	1758 2275	INV180.jpg
S	277 416 283 424	1758 2275	INV180.jpg
/	281 416 287 424	1758 2275	INV180.jpg
B 	287 416 293 424	1758 2275	INV180.jpg
(	295 416 299 424	1758 2275	INV180.jpg
519537	299 416 334 424	1758 2275	INV180.jpg
-	334 416 337 424	1758 2275	INV180.jpg
Χ	336 416 344 424	1758 2275	INV180.jpg
)	341 416 345 424	1758 2275	INV180.jpg
.	347 416 349 424	1758 2275	INV180.jpg
TOTAL 	52 440 83 446	1758 2275	INV180.jpg
DUE 	85 440 105 446	1758 2275	INV180.jpg
IN 	107 440 117 446	1758 2275	INV180.jpg
10 	120 440 131 446	1758 2275	INV180.jpg
DAYS	134 440 158 446	1758 2275	INV180.jpg
. 	159 440 160 446	1758 2275	INV180.jpg
OVERDUE 	163 440 209 446	1758 2275	INV180.jpg
ACCOUNTS 	211 440 263 446	1758 2275	INV180.jpg
ARE 	265 440 284 446	1758 2275	INV180.jpg
SUBJECT 	287 440 326 446	1758 2275	INV180.jpg
TO 	328 440 341 446	1758 2275	INV180.jpg
AN 	344 440 357 446	1758 2275	INV180.jpg
INTEREST 	360 440 403 446	1758 2275	INV180.jpg
CHARGE 	406 440 444 446	1758 2275	INV180.jpg
OF 	447 440 460 446	1758 2275	INV180.jpg
2	462 440 468 446	1758 2275	INV180.jpg
% 	468 440 476 446	1758 2275	INV180.jpg
PER 	479 440 496 446	1758 2275	INV180.jpg
MONTH	500 440 536 446	1758 2275	INV180.jpg
.	536 440 538 446	1758 2275	INV180.jpg

SYARIKAT 	95 103 198 115	1758 2275	INV217.jpg
PERNIAGAAN 	206 103 340 115	1758 2275	INV217.jpg
GIN 	348 103 385 115	1758 2275	INV217.jpg
KEE	394 103 431 115	1758 2275	INV217.jpg
SYARIKAT 	92 141 145 148	1758 2275	INV217.jpg
PERNIAGAAN 	147 141 215 147	1758 2275	INV217.jpg
GIN	218 141 237 147	1758 2275	INV217.jpg
KEE	91 152 112 157	1758 2275	INV217.jpg
NO 	92 162 108 170	1758 2275	INV217.jpg
290	111 162 129 170	1758 2275	INV217.jpg
, 	130 162 133 170	1758 2275	INV217.jpg
JALAN 	136 162 167 170	1758 2275	INV217.jpg
AIR 	170 162 189 170	1758 2275	INV217.jpg
PANAS	193 162 227 170	1758 2275	INV217.jpg
,	226 162 230 170	1758 2275	INV217.jpg
SETAPAK	92 172 139 180	1758 2275	INV217.jpg
, 	138 172 141 179	1758 2275	INV217.jpg
53200	144 172 175 179	1758 2275	INV217.jpg
, 	175 172 178 179	1758 2275	INV217.jpg
KUALA	182 172 216 179	1758 2275	INV217.jpg
LUMPUR	92 182 136 189	1758 2275	INV217.jpg
.	136 182 138 188	1758 2275	INV217.jpg
Date	154 237 182 243	1758 2275	INV217.jpg
Description	339 237 400 244	1758 2275	INV217.jpg
Qty	610 237 630 244	1758 2275	INV217.jpg
Amount	805 237 848 243	1758 2275	INV217.jpg
11/1/2018	143 250 191 256	1758 2275	INV217.jpg
1627 	246 250 267 256	1758 2275	INV217.jpg
WALL 	269 250 298 256	1758 2275	INV217.jpg
SCRAPER 	300 250 348 256	1758 2275	INV217.jpg
3	350 250 356 256	1758 2275	INV217.jpg
"	357 250 361 256	1758 2275	INV217.jpg
1	737 250 744 256	1758 2275	INV217.jpg
4.45	883 250 907 256	1758 2275	INV217.jpg
2167 	245 263 266 270	1758 2275	INV217.jpg
4.5KG 	269 263 296 269	1758 2275	INV217.jpg
RENDEROC 	301 263 357 269	1758 2275	INV217.jpg
PLUG	361 263 387 269	1758 2275	INV217.jpg
2	737 264 745 269	1758 2275	INV217.jpg
101.76	873 264 906 269	1758 2275	INV217.jpg
1735 	244 277 267 284	1758 2275	INV217.jpg
5	270 277 276 284	1758 2275	INV217.jpg
" 	277 277 279 284	1758 2275	INV217.jpg
SCRAPER 	282 277 331 284	1758 2275	INV217.jpg
(	332 277 336 284	1758 2275	INV217.jpg
ADAMARK	336 277 386 284	1758 2275	INV217.jpg
)	385 277 389 284	1758 2275	INV217.jpg
1	737 277 744 282	1758 2275	INV217.jpg
10.07	879 277 906 283	1758 2275	INV217.jpg
TAX	610 293 630 299	1758 2275	INV217.jpg
6.58	884 291 906 297	1758 2275	INV217.jpg
TOTAL	597 304 645 312	1758 2275	INV217.jpg
116.28	874 305 906 310	1758 2275	INV217.jpg
Invoice 	435 152 472 158	1758 2275	INV217.jpg
No. 	474 152 492 157	1758 2275	INV217.jpg
CS00012664	496 152 554 157	1758 2275	INV217.jpg
Thanks 	257 373 311 383	1758 2275	INV217.jpg
for 	311 373 336 383	1758 2275	INV217.jpg
letting 	339 373 385 383	1758 2275	INV217.jpg
us 	387 373 405 383	1758 2275	INV217.jpg
serve 	406 373 448 383	1758 2275	INV217.jpg
you	448 373 476 383	1758 2275	INV217.jpg
!	473 373 482 383	1758 2275	INV217.jpg

RICHARD 	74 70 193 84	1681 2379	INVH019.jpg
PEARSON	205 70 334 84	1681 2379	INVH019.jpg
15400 	71 110 117 122	1681 2379	INVH019.jpg
Sherman 	124 110 190 122	1681 2379	INVH019.jpg
Way 	196 110 230 122	1681 2379	INVH019.jpg
#	234 110 243 122	1681 2379	INVH019.jpg
170	245 110 271 122	1681 2379	INVH019.jpg
, 	273 110 275 122	1681 2379	INVH019.jpg
Van 	280 110 311 122	1681 2379	INVH019.jpg
Nuys	317 110 352 122	1681 2379	INVH019.jpg
, 	355 110 356 122	1681 2379	INVH019.jpg
CA	363 110 387 122	1681 2379	INVH019.jpg
, 	387 110 389 122	1681 2379	INVH019.jpg
91406	396 110 442 122	1681 2379	INVH019.jpg
INVOICE	819 70 926 85	1681 2379	INVH019.jpg
Bill 	70 215 98 223	1681 2379	INVH019.jpg
To	101 215 124 223	1681 2379	INVH019.jpg
MONOLITH 	72 234 159 244	1681 2379	INVH019.jpg
FASHION	167 234 239 243	1681 2379	INVH019.jpg
Ship 	373 214 410 225	1681 2379	INVH019.jpg
To	415 214 436 225	1681 2379	INVH019.jpg
3937 	375 235 411 244	1681 2379	INVH019.jpg
DAVIS 	418 235 466 244	1681 2379	INVH019.jpg
AVENUE	472 235 539 244	1681 2379	INVH019.jpg
OAKLAND	376 251 453 262	1681 2379	INVH019.jpg
, 	455 251 456 261	1681 2379	INVH019.jpg
CA 	464 251 487 261	1681 2379	INVH019.jpg
94612	492 251 538 261	1681 2379	INVH019.jpg
Invoice 	717 214 778 223	1681 2379	INVH019.jpg
#	777 214 788 223	1681 2379	INVH019.jpg
6734	888 215 929 223	1681 2379	INVH019.jpg
Invoice 	690 239 746 247	1681 2379	INVH019.jpg
Date	751 239 788 247	1681 2379	INVH019.jpg
10/10/2010	843 239 927 248	1681 2379	INVH019.jpg
QTY	91 356 127 365	1681 2379	INVH019.jpg
DESCRIPTION	298 356 411 364	1681 2379	INVH019.jpg
UNIT 	587 356 625 364	1681 2379	INVH019.jpg
PRICE	632 356 681 364	1681 2379	INVH019.jpg
AMOUNT	777 356 853 364	1681 2379	INVH019.jpg
2	103 387 116 395	1681 2379	INVH019.jpg
Raw 	162 387 193 398	1681 2379	INVH019.jpg
Edge 	200 387 237 398	1681 2379	INVH019.jpg
T	243 387 253 398	1681 2379	INVH019.jpg
-	254 387 258 398	1681 2379	INVH019.jpg
Shirt	259 387 293 398	1681 2379	INVH019.jpg
237.90	642 387 697 395	1681 2379	INVH019.jpg
475.80	858 388 914 395	1681 2379	INVH019.jpg
1	104 419 114 427	1681 2379	INVH019.jpg
Skinny 	160 418 211 429	1681 2379	INVH019.jpg
Low 	216 418 245 429	1681 2379	INVH019.jpg
Jeans	251 418 294 429	1681 2379	INVH019.jpg
156.20	642 419 696 427	1681 2379	INVH019.jpg
156.20	860 418 915 427	1681 2379	INVH019.jpg
Subtotal	632 450 694 458	1681 2379	INVH019.jpg
632.00	860 450 915 458	1681 2379	INVH019.jpg
Tax 	623 480 653 489	1681 2379	INVH019.jpg
2.0	656 480 680 489	1681 2379	INVH019.jpg
%	680 480 694 489	1681 2379	INVH019.jpg
12.64	869 480 914 488	1681 2379	INVH019.jpg
TOTAL	617 512 694 524	1681 2379	INVH019.jpg
$	828 510 840 525	1681 2379	INVH019.jpg
644.64	841 510 913 525	1681 2379	INVH019.jpg
HAPPY 	581 848 697 866	1681 2379	INVH019.jpg
NEW 	717 848 796 866	1681 2379	INVH019.jpg
YEAR	813 848 903 867	1681 2379	INVH019.jpg
and 	580 873 610 893	1681 2379	INVH019.jpg
MERRY 	620 873 718 893	1681 2379	INVH019.jpg
CHRISTMAS	729 873 905 893	1681 2379	INVH019.jpg
Terms 	71 898 121 907	1681 2379	INVH019.jpg
& 	126 898 138 907	1681 2379	INVH019.jpg
Conditions	143 898 230 907	1681 2379	INVH019.jpg
Payment 	73 918 138 929	1681 2379	INVH019.jpg
is 	142 918 154 929	1681 2379	INVH019.jpg
due 	160 918 187 929	1681 2379	INVH019.jpg
within 	192 918 234 929	1681 2379	INVH019.jpg
15 	240 918 258 929	1681 2379	INVH019.jpg
days	263 918 297 929	1681 2379	INVH019.jpg

Invoice 	60 61 120 70	1681 2379	INVH049.jpg
Date	126 61 164 70	1681 2379	INVH049.jpg
13/10/2019	58 78 150 87	1681 2379	INVH049.jpg
FLORA'S 	607 47 701 67	1681 2379	INVH049.jpg
FLOWERS	711 47 820 67	1681 2379	INVH049.jpg
117 	505 82 533 92	1681 2379	INVH049.jpg
KNICKERBOCKER 	541 82 698 92	1681 2379	INVH049.jpg
AVENUE 	704 82 779 92	1681 2379	INVH049.jpg
WESTCHESTER	785 82 927 92	1681 2379	INVH049.jpg
NY 	674 101 700 110	1681 2379	INVH049.jpg
11107	704 101 756 110	1681 2379	INVH049.jpg
BILL 	57 262 89 273	1681 2379	INVH049.jpg
TO	89 262 108 273	1681 2379	INVH049.jpg
Michella 	59 282 126 292	1681 2379	INVH049.jpg
B. 	133 282 148 291	1681 2379	INVH049.jpg
Hernandez	156 282 245 291	1681 2379	INVH049.jpg
SHIP 	267 262 299 273	1681 2379	INVH049.jpg
TO	301 262 318 273	1681 2379	INVH049.jpg
YELLOWTAIL	268 282 384 291	1681 2379	INVH049.jpg
9603 	274 298 313 309	1681 2379	INVH049.jpg
Second 	320 298 381 309	1681 2379	INVH049.jpg
Ave. 	386 298 422 309	1681 2379	INVH049.jpg
Lewis	430 298 475 309	1681 2379	INVH049.jpg
Center	268 316 323 326	1681 2379	INVH049.jpg
. 	325 316 327 325	1681 2379	INVH049.jpg
OH 	333 316 360 325	1681 2379	INVH049.jpg
43035	366 316 417 325	1681 2379	INVH049.jpg
QTY	59 387 85 398	1681 2379	INVH049.jpg
DESCRIPTION	281 387 364 398	1681 2379	INVH049.jpg
UNIT 	648 386 679 398	1681 2379	INVH049.jpg
PRICE	682 386 719 397	1681 2379	INVH049.jpg
AMOUNT	883 387 941 398	1681 2379	INVH049.jpg
Flora'S 	149 408 204 420	1681 2379	INVH049.jpg
Special 	210 408 270 420	1681 2379	INVH049.jpg
Bouquet 	277 408 345 420	1681 2379	INVH049.jpg
Inclusive	350 408 421 420	1681 2379	INVH049.jpg
1	65 409 77 418	1681 2379	INVH049.jpg
25.90	668 408 720 418	1681 2379	INVH049.jpg
25.90	889 408 938 418	1681 2379	INVH049.jpg
1	65 431 76 440	1681 2379	INVH049.jpg
Flora'S 	149 431 204 443	1681 2379	INVH049.jpg
Roses 	211 431 262 443	1681 2379	INVH049.jpg
Bouquet 	269 431 337 443	1681 2379	INVH049.jpg
Inclusive	341 431 413 443	1681 2379	INVH049.jpg
26.25	669 431 718 440	1681 2379	INVH049.jpg
26.25	889 431 938 440	1681 2379	INVH049.jpg
Subtotal	645 467 718 477	1681 2379	INVH049.jpg
52.15	893 467 940 476	1681 2379	INVH049.jpg
TAX 	635 490 672 499	1681 2379	INVH049.jpg
3.1	676 490 701 499	1681 2379	INVH049.jpg
%	702 490 718 499	1681 2379	INVH049.jpg
1.62	901 490 942 498	1681 2379	INVH049.jpg
Total	674 512 717 522	1681 2379	INVH049.jpg
$	883 511 893 524	1681 2379	INVH049.jpg
53.77	893 511 940 524	1681 2379	INVH049.jpg
Payment 	60 857 107 864	1681 2379	INVH049.jpg
is 	110 857 117 864	1681 2379	INVH049.jpg
due 	121 857 141 864	1681 2379	INVH049.jpg
within 	144 857 173 864	1681 2379	INVH049.jpg
15 	179 857 190 864	1681 2379	INVH049.jpg
days	193 857 218 864	1681 2379	INVH049.jpg
123456789	860 948 942 959	1681 2379	INVH049.jpg

